
13	0	0.21	2	300	6	11	1
13	1	0.27	2	300	1	2	0
15	0	0.35	0	300
16	0	0.30	0	300
17	0	0.30	0	300
24	0	0.30	0	300
25	0	0.30	0	300
26	0	0.16	0	300
27	0	0.30	0	300
30	0	0.21	2	300	6	11	1
30	1	0.27	2	300	1	2	0
32	0	0.07	0	300
37	0	0.40	0	300
67	0	0.16	0	300
68	0	0.16	0	300
69	0	0.16	0	300
72	0	0.30	0	300
73	0	0.30	0	300
74	0	0.30	0	300
78	0	0.30	0	300
79	0	0.40	0	300
80	0	0.50	0	300
104	0	0.30	0	300
116	0	0.35	0	300
136	0	0.50	0	300	
143	0	0.30	0	300
146	0	0.50	0	300	
147	0	0.50	0	300	
148	0	0.40	0	300		

