10	0	0.16	0	300
13	0	0.16	8	300	610	100	345	0	0	150	7
14	0	0.16	8	300	580	80	220	0	0	150	7
17	0	0.16	8	300	250	250	700	0	0	0	7
36	0	0.16	8	300	365	65	260	0	0	0	7
37	0	0.16	8	300	130	130	375	0	0	0	7
50	0	10	8	300	830	200	770	0	0	0	7
61	0	0.16	8	300	140	30	165	-70	0	0	7
62	0	0.16	8	300	195	50	450	-100	0	0	7
70	0	0.16	8	300	160	160	650	0	0	0	7
91	0	0.16	0	300
107	0	0.16	8	300	100	100	550	0	0	0	7
110	0	10	8	300	150	150	400	0	0	0	7
115	0	0.16	0	300
122	0	10	8	300	150	100	480	40	0	0	7
125	0	0.16	8	300	140	200	690	0	40	0	7
126	0	0.16	8	300	160	160	790	0	0	0	7
153	0	0.16	5	500	0	1
158	0	0.16	8	300	200	200	430	0	0	0	7
153	1	0.36	5	500	1	2
153	2	0.3	5	500	2	3
153	3	0.41	5	500	3	0
166	0	0.08	0	300
159	0	0.11	0	300
142	0	0.11	0	300
136	0	0.11	0	300
137	0	0.11	0	300
138	0	0.11	0	300
139	0	0.11	0	300
140	0	0.11	0	300

