0	14	0	127	255	-1
0	20	191	165	127	-1
0	21	255	255	255	-1
0	22	127	102	76	-1
0	23	76	76	114	-1
0	24	153	127	51	-1
0	25	127	153	178	-1
0	28	204	204	255	-1
0	30	255	255	255	-1
0	31	191	165	127	-1
0	32	165	114	76	-1
0	33	204	102	0	-1
0	34	127	102	76	-1
0	35	127	204	229	-1
0	37	0	127	255	-1
0	38	255	229	153	-1
0	39	0	127	255	-1
0	40	165	114	76	-1
0	42	204	40	28	0
0	42	0	0	0	1
0	42	0	0	0	2
0	43	204	216	229	-1
0	44	255	78	56	0
0	44	0	0	0	1
0	44	0	0	0	2
0	45	204	216	229	-1
0	46	185	78	60	0
0	47	204	216	229	-1
0	50	204	102	0	-1
0	51	255	178	63	-1
0	52	89	165	255	-1
0	53	229	178	114	-1
0	54	154	106	40	0
0	54	0	0	0	1
0	54	0	0	0	2
0	55	129	142	103	-1
0	56	136	128	88	-1
0	57	190	142	69	0
0	57	0	0	0	1
0	57	0	0	0	2
0	57	0	0	0	3
0	58	190	142	69	0
0	58	0	0	0	1
0	58	0	0	0	2
0	59	0	0	0	0
0	59	190	140	69	1
0	60	219	34	17	0
0	61	255	178	63	0
0	61	0	0	0	1
0	61	0	0	0	2
0	62	193	144	77	0
0	62	0	0	0	1
0	62	0	0	0	2
0	62	0	0	0	3
0	63	187	41	0	0
0	63	0	0	0	1
0	64	196	30	12	0
0	65	222	82	111	0
0	66	137	160	204	0
0	67	200	147	100	0
0	68	111	66	42	0
0	69	62	100	120	0
0	69	192	91	0	1
0	70	188	79	0	0
0	70	193	149	174	1
0	70	0	0	0	2
0	70	0	0	0	3
0	71	113	32	20	0
0	71	0	0	0	1
0	72	88	110	126	0
0	72	0	0	0	1
0	72	0	0	0	2
0	73	190	142	69	0
0	73	0	0	0	1
0	73	0	0	0	2
0	73	0	0	0	3
0	74	193	144	77	0
0	74	0	0	0	1
0	74	0	0	0	2
0	75	150	150	175	0
0	75	0	0	0	1
0	75	0	0	0	2
0	75	0	0	0	3
0	75	0	0	0	4
0	76	234	85	95	0
0	76	0	0	0	1
0	76	255	47	0	2
0	76	0	0	0	3
0	77	244	147	74	0
0	77	0	0	0	1
0	77	255	178	63	2
0	77	0	0	0	3
0	77	0	0	0	4
0	77	0	0	0	5
0	77	0	0	0	6
0	78	122	139	168	0
0	78	0	0	0	3
0	79	150	150	170	0
0	79	0	0	0	3
0	80	124	136	202	0
0	80	0	0	0	1
0	81	78	17	166	0
0	81	78	17	166	1
0	82	78	17	166	0
0	82	78	17	166	1
0	83	78	17	166	0
0	83	78	17	166	4
0	84	78	17	166	0
0	84	78	17	166	3
0	85	159	150	102	0
0	85	96	112	255	2
0	86	159	150	102	0
0	86	0	0	0	3
0	87	149	119	64	0
0	88	159	150	102	0
0	89	47	141	176	0
0	89	221	245	193	1
0	89	198	154	139	2
0	89	0	0	0	3
0	90	255	198	96	0
0	90	55	55	55	1
0	90	198	127	122	2
0	90	0	0	0	3
0	91	255	186	173	0
0	91	0	0	0	1
0	91	64	115	255	2
0	91	0	0	0	3
0	92	190	169	78	0
0	92	0	0	0	1
0	92	0	0	0	2
0	92	0	0	0	3
0	93	114	132	169	0
0	93	0	104	154	1
0	93	0	0	0	2
0	93	0	0	0	3
0	94	135	136	143	0
0	94	105	153	170	1
0	94	156	139	255	2
0	94	142	192	255	3
0	94	0	0	0	4
0	94	0	0	0	5
0	95	214	188	154	0
0	95	129	141	176	1
0	96	102	202	255	0
0	96	102	202	255	3
0	97	102	198	255	0
0	97	102	198	255	2
0	98	45	108	171	0
0	99	100	191	255	0
0	100	61	121	178	0
0	101	192	181	170	0
0	102	127	154	180	0
0	102	180	0	0	1
0	103	223	99	68	0
0	103	255	66	69	1
0	103	255	79	69	2
0	103	255	70	64	3
0	103	255	74	74	4
0	104	198	57	0	0
0	104	255	70	0	1
0	104	188	45	0	2
0	104	0	0	0	3
0	105	113	32	20	0
0	105	113	32	20	1
0	105	0	0	0	2
0	106	88	110	126	0
0	106	88	110	126	1
0	106	190	107	198	2
0	106	135	0	118	3
0	107	190	142	69	0
0	107	215	142	69	1
0	107	0	0	0	2
0	107	0	0	0	3
0	107	0	0	0	4
0	108	193	101	51	0
0	108	237	144	78	1
0	108	0	0	0	2
0	108	1	0	0	3
0	108	0	0	0	4
0	109	150	150	175	0
0	109	150	150	175	1
0	109	0	0	0	2
0	109	0	0	0	3
0	109	0	0	0	4
0	110	78	17	166	0
0	110	0	0	0	4
0	111	159	150	102	0
0	111	159	150	102	1
0	111	159	150	102	2
0	111	0	0	0	3
0	111	0	0	0	4
0	112	102	202	255	0
0	113	0	73	142	0
0	113	0	70	141	1
0	113	0	69	137	2
0	113	0	0	0	3
0	114	8	108	243	0
0	114	0	127	255	1
0	114	0	126	154	2
0	114	0	0	0	3
0	114	1	88	214	4
0	115	100	127	141	0
0	115	161	0	0	1
0	116	100	150	200	0
0	116	200	160	100	1
0	117	200	160	100	0
0	117	100	150	200	4
0	118	200	160	100	3
0	118	100	150	200	4
0	119	200	160	100	0
0	119	100	150	200	3
0	120	108	69	13	0
0	121	200	160	100	0
0	121	100	150	200	1
0	122	0	90	100	0
0	122	0	0	0	1
0	122	60	110	150	2
0	123	100	150	200	0
0	123	100	70	160	1
0	123	50	25	100	2
0	124	70	0	200	0
0	124	100	150	200	1
0	125	100	70	160	1
0	125	100	150	200	2
0	125	0	0	0	3
0	126	60	110	150	0
0	126	0	90	100	1
0	126	0	0	0	2
0	127	0	90	100	0
0	127	60	110	150	1
0	127	0	0	0	2
0	128	0	0	0	0
0	128	170	240	230	2
0	128	128	100	30	3
0	129	170	133	100	0
0	129	115	115	95	2
0	130	128	100	30	0
0	130	93	127	125	1
0	131	60	100	95	0
0	131	128	80	10	1
0	132	80	67	23	1
0	132	108	100	70	2
0	133	120	100	80	0
0	133	170	220	220	2
0	134	0	0	0	0
0	134	170	240	230	2
0	134	128	100	30	3
0	135	77	65	0	0
0	135	178	50	0	2
0	135	210	190	255	3
0	136	178	50	0	0
0	136	77	65	0	2
0	136	180	130	255	3
0	137	160	110	255	0
0	137	178	13	0	1
0	137	178	75	0	2
0	138	210	190	255	0
0	138	77	65	0	1
0	138	255	10	0	3
0	139	178	25	25	0
0	139	170	150	255	2
0	139	77	65	0	3
0	140	210	190	255	0
0	140	77	65	0	1
0	140	178	50	0	3
0	141	77	65	0	0
0	141	178	50	0	2
0	141	210	190	255	3
2	8	127	127	204	-1
2	9	191	165	127	-1
2	10	119	170	153	-1
2	12	165	114	76	-1
2	14	114	114	58	-1
2	15	114	114	58	-1
2	17	178	51	51	-1
2	18	255	255	255	-1
2	19	127	127	204	-1
2	20	255	255	255	-1
2	21	191	165	127	-1
2	22	255	38	16	0
2	23	204	216	229	-1
2	25	255	178	63	-1
2	26	134	126	83	-1
2	27	190	142	69	0
2	27	0	0	0	1
2	27	0	0	0	2
2	27	0	0	0	3
2	28	255	127	0	0
2	28	255	127	0	1
2	28	255	127	0	2
2	29	57	70	142	0
2	29	0	0	0	1
2	30	255	194	68	0
2	30	0	0	0	1
2	30	0	0	0	2
2	31	26	92	48	0
2	31	0	0	0	3
2	31	93	178	25	4
2	32	255	78	30	0
2	32	0	0	0	1
2	32	0	0	0	2
2	33	150	106	40	0
2	33	0	0	0	1
2	33	0	0	0	2
2	34	255	53	0	0
2	34	0	0	0	1
2	34	0	0	0	2
2	35	255	178	63	0
2	35	0	0	0	1
2	35	0	0	0	2
2	35	0	0	0	3
2	36	255	78	23	0
2	36	0	0	0	1
2	37	57	70	142	0
2	37	0	0	0	1
2	38	190	142	69	0
2	38	0	0	0	1
2	38	0	0	0	2
2	38	0	0	0	3
2	38	0	0	0	4
2	39	193	144	77	0
2	39	0	0	0	1
2	39	0	0	0	2
2	40	122	127	168	0
2	40	0	0	0	1
2	41	139	127	171	0
2	41	0	0	0	1
2	42	78	17	166	0
2	42	78	17	188	2
2	43	78	17	166	0
2	43	78	17	166	2
2	44	129	121	176	0
2	45	212	205	173	0
2	46	103	203	248	0
2	47	100	200	255	0
2	48	120	180	240	0
2	48	200	160	100	1
2	48	0	0	0	2
2	48	0	0	0	3
2	49	100	80	50	0
2	49	100	150	200	1
2	50	60	0	150	0
2	50	60	110	150	1
2	51	0	0	0	0
2	51	70	20	255	1
2	51	100	60	255	2
2	52	150	140	120	0
2	53	255	127	0	0
2	53	170	165	150	1
2	53	170	150	100	2
2	54	127	76	52	0
2	54	0	0	0	1
2	55	120	96	0	0
2	55	0	98	0	1
2	56	86	111	153	2
2	57	107	118	74	2
2	58	255	0	0	0
2	58	255	69	204	1
2	58	255	255	255	2
2	58	255	65	0	3
2	59	255	204	132	0
2	59	175	127	255	1
2	59	255	127	255	2
2	60	255	0	0	0
2	60	255	127	0	1
2	60	187	155	93	3
2	61	185	127	255	0
2	61	57	127	192	1
2	61	0	127	255	2
2	62	66	127	255	2
2	62	195	167	103	3
2	63	124	181	149	0
2	63	13	127	0	2
2	64	57	127	255	0
2	64	255	127	0	1
2	64	197	200	244	2
2	65	174	117	208	0
2	65	255	0	255	2
2	65	255	127	0	3
2	66	255	145	0	0
2	66	255	40	61	4
2	67	110	193	139	0
2	68	188	139	76	0
2	68	255	0	0	1
2	68	86	82	86	2
2	69	117	127	210	0
2	70	134	112	132	1
2	71	51	51	51	0
2	71	217	166	64	1
2	71	51	51	102	2
2	72	83	147	125	0
2	72	47	58	173	1
2	73	180	180	255	0
2	73	77	46	0	1
2	73	255	10	0	2
2	74	77	46	0	0
2	74	255	50	75	1
2	74	110	80	255	2
2	75	134	112	132	1
3	10	127	127	204	-1
3	11	76	178	76	-1
3	12	255	255	255	-1
3	13	102	178	255	-1
3	14	204	216	229	-1
3	15	229	204	255	-1
3	16	204	117	63	-1
3	17	204	178	76	-1
3	18	204	51	25	-1
3	19	188	43	16	0
3	19	0	0	0	1
3	20	204	216	229	-1
3	21	229	204	255	-1
3	22	127	178	255	-1
3	23	216	153	153	-1
3	24	181	127	62	0
3	24	204	127	76	1
3	24	156	127	61	2
3	24	195	127	52	3
3	24	0	0	0	4
3	25	190	142	69	0
3	25	0	0	0	1
3	25	0	0	0	2
3	25	0	0	0	3
3	26	255	47	0	0
3	26	0	0	0	1
3	26	34	25	47	2
3	26	0	0	0	3
3	26	0	0	0	4
3	27	255	178	63	0
3	27	0	0	0	3
3	28	212	62	15	0
3	28	0	0	0	1
3	28	0	0	0	2
3	29	124	127	161	0
3	29	0	0	0	1
3	29	0	0	0	2
3	29	0	0	0	3
3	30	78	17	166	0
3	30	78	17	166	1
3	31	159	150	102	0
3	32	102	195	255	0
3	33	0	0	0	0
3	33	0	0	0	1
3	33	100	150	200	2
3	33	200	160	100	3
3	34	60	110	150	0
3	34	0	0	0	1
3	35	102	80	24	0
3	35	170	240	230	1
3	36	77	50	0	0
3	36	128	25	13	1
3	36	180	160	255	2
4	3	60	110	150	0
4	3	0	0	0	1
4	5	255	255	255	-1
4	13	255	255	255	-1
4	17	127	127	204	-1
4	18	191	165	127	-1
4	19	127	127	204	-1
4	20	165	114	76	-1
4	21	76	178	76	-1
4	22	76	178	76	-1
4	23	178	102	102	-1
4	24	127	127	178	-1
4	25	153	204	102	-1
4	26	153	153	153	-1
4	27	255	255	255	-1
4	28	255	78	30	0
4	28	0	0	0	1
4	28	0	0	0	2
4	29	127	127	204	-1
4	30	255	178	63	-1
4	31	185	176	76	-1
4	32	117	140	78	-1
4	33	119	127	71	-1
4	34	161	95	76	-1
4	35	102	98	91	-1
4	36	190	142	69	0
4	36	190	142	69	1
4	36	0	0	0	2
4	36	190	142	69	3
4	37	169	157	120	-1
4	38	219	83	0	0
4	38	0	0	0	1
4	38	0	0	0	3
4	38	0	0	0	4
4	40	119	127	151	0
4	40	0	0	0	1
4	40	0	0	0	2
4	40	0	0	0	3
4	40	0	0	0	4
4	41	144	155	183	0
4	41	0	0	0	1
4	41	0	0	0	2
4	42	66	66	120	0
4	43	100	74	0	0
4	44	0	0	0	0
4	44	159	168	0	1
4	44	0	0	0	2
4	44	0	0	0	3
4	45	141	159	130	0
4	45	0	0	0	1
4	45	0	0	0	2
4	46	227	28	52	0
4	47	40	130	195	0
4	48	255	0	0	0
4	48	0	0	0	1
4	48	20	51	0	2
4	48	10	73	0	3
4	49	130	83	0	0
4	50	202	101	0	0
4	51	120	3	32	0
4	52	47	76	86	0
4	53	37	52	90	0
4	54	212	205	173	0
4	56	78	17	166	0
4	56	78	17	166	3
4	57	78	54	138	0
4	57	255	198	119	1
4	58	0	0	0	0
4	58	212	205	173	3
4	59	0	0	0	0
4	59	156	133	116	1
4	59	0	0	0	2
4	60	100	200	255	0
4	61	108	188	255	0
4	61	0	0	0	3
4	62	103	201	253	0
4	62	0	0	0	3
4	63	100	150	200	0
4	63	0	0	0	1
4	63	0	0	0	2
4	63	200	160	100	3
4	64	0	0	0	0
4	64	100	150	200	1
4	64	200	160	100	2
4	64	0	0	0	3
4	65	100	80	50	0
4	65	0	0	0	1
4	65	100	150	200	2
4	66	60	110	150	0
4	66	0	90	100	1
4	67	60	110	150	0
4	67	0	0	0	1
4	68	70	40	200	0
4	68	0	0	0	1
4	68	0	0	0	1
4	69	100	95	60	0
4	69	128	80	0	1
4	70	85	50	23	0
4	70	115	115	95	1
4	71	105	80	0	0
4	71	107	107	67	1
4	72	100	70	0	3
4	72	180	180	255	4
4	73	128	70	0	0
4	73	255	50	50	2
4	74	100	80	0	0
4	74	255	10	0	1
5	5	0	127	255	-1
5	9	255	255	255	-1
5	11	165	114	76	-1
5	12	94	94	255	-1
5	13	153	153	153	-1
5	14	153	127	51	-1
5	15	51	76	153	-1
5	16	255	51	0	-1
5	17	0	127	255	-1
5	18	178	76	76	-1
5	19	127	102	255	-1
5	20	153	102	204	-1
5	22	255	51	0	-1
5	30	255	51	0	-1
5	31	94	94	255	-1
5	32	165	76	63	-1
5	33	204	153	51	-1
5	34	255	255	255	-1
5	35	255	255	255	-1
5	37	204	153	51	-1
5	38	0	127	255	-1
5	39	255	51	0	-1
5	40	255	51	0	-1
5	41	255	78	30	0
5	41	0	0	0	1
5	42	204	216	229	-1
5	43	255	78	30	0
5	43	0	0	0	1
5	43	0	0	0	2
5	44	204	216	229	-1
5	45	0	127	255	-1
5	46	255	51	0	-1
5	49	255	178	63	-1
5	50	255	178	63	-1
5	51	229	178	114	-1
5	52	217	197	117	-1
5	53	190	142	69	0
5	53	0	0	0	1
5	53	0	0	0	2
5	53	0	0	0	3
5	53	0	0	0	4
5	54	190	142	69	0
5	54	190	142	69	2
5	55	0	0	0	0
5	55	255	52	0	1
5	55	0	0	0	2
5	55	0	0	0	3
5	56	255	118	0	0
5	56	0	0	0	1
5	61	108	127	139	0
5	61	0	0	0	1
5	61	0	0	0	2
5	61	0	0	0	3
5	62	115	127	170	0
5	62	0	0	0	1
5	62	0	0	0	2
5	64	78	17	166	0
5	64	78	17	166	4
5	65	78	17	166	0
5	65	78	17	166	3
5	67	255	200	0	0
5	67	0	0	0	2
5	68	0	7	0	0
5	68	255	156	66	1
5	68	255	255	255	2
5	69	117	65	66	1
5	69	255	255	255	2
5	70	255	200	0	0
5	70	0	0	0	2
5	71	255	60	88	0
5	72	243	196	171	1
5	73	0	0	0	1
5	73	255	206	180	2
5	74	183	139	210	1
5	75	234	188	142	0
5	76	255	76	49	0
5	77	0	0	0	0
5	77	213	247	255	1
5	78	231	186	132	0
5	79	0	0	0	0
5	79	0	0	0	1
5	79	255	210	112	2
5	80	248	221	171	0
5	80	255	127	0	1
5	80	255	255	255	2
5	81	255	162	74	0
5	81	255	255	253	1
5	82	180	154	188	0
5	82	255	96	253	1
5	82	255	255	255	2
5	83	248	221	171	0
5	83	255	127	0	1
5	83	255	255	255	2
5	84	159	170	224	0
5	84	255	255	255	1
5	85	255	255	255	0
5	85	163	145	130	1
5	86	153	139	111	0
5	86	255	255	255	1
5	87	81	134	178	0
5	88	210	186	163	0
5	89	221	183	142	0
5	90	130	154	255	0
5	91	217	197	255	0
5	92	255	221	180	0
5	93	255	43	59	0
5	93	0	0	0	1
5	93	255	255	255	2
5	94	0	0	0	0
5	94	0	0	0	1
5	94	193	231	220	2
5	95	147	138	76	0
5	96	212	205	173	0
5	97	159	150	102	0
5	98	255	203	136	0
5	98	0	0	0	1
5	99	100	200	255	0
5	100	69	133	198	0
5	100	102	200	255	1
5	101	49	128	255	1
5	102	37	133	255	1
5	103	40	128	222	1
5	104	100	150	200	0
5	104	200	160	100	1
5	104	0	0	0	2
5	104	0	0	0	3
5	105	200	160	100	0
5	105	0	0	0	1
5	105	100	150	200	2
5	106	200	160	100	0
5	106	100	150	200	1
5	107	0	0	0	0
5	107	100	150	200	1
5	107	200	160	100	2
5	107	0	0	0	3
5	108	0	0	0	0
5	108	100	150	200	2
5	108	0	0	0	3
5	108	200	160	100	4
5	109	195	127	96	0
5	110	0	0	0	0
5	110	73	127	175	1
5	111	181	164	147	0
5	112	79	193	88	0
5	113	255	224	212	0
5	113	0	0	0	1
5	114	255	28	95	0
5	115	66	166	205	0
5	116	198	154	146	0
5	117	255	195	59	0
5	118	142	219	253	0
5	119	214	202	190	0
5	120	187	221	255	0
5	120	166	241	205	1
5	121	71	210	217	0
5	122	122	163	232	0
5	123	139	255	222	0
5	123	255	255	231	1
5	124	255	45	32	0
5	124	255	227	249	1
5	124	173	229	241	2
5	125	144	221	238	0
5	125	255	255	253	1
5	126	251	202	134	0
5	127	193	130	71	0
5	128	192	178	86	0
5	129	217	175	119	0
5	130	156	127	103	0
5	131	193	127	96	0
5	132	222	129	44	0
5	133	0	0	0	0
5	133	190	127	0	1
5	134	255	210	117	0
5	135	215	205	168	1
5	136	226	181	231	1
5	137	255	198	117	0
5	137	156	127	156	1
5	138	27	71	232	0
5	138	255	221	180	1
5	139	166	221	212	0
5	139	255	212	205	1
5	140	73	96	212	0
5	140	255	221	183	1
5	141	255	180	112	0
5	141	255	0	0	1
5	142	83	142	212	0
5	142	0	0	0	1
5	142	197	219	255	2
5	143	171	222	79	0
5	144	60	0	150	0
5	144	100	150	200	1
5	145	0	90	100	0
5	145	60	110	150	1
5	145	0	0	0	2
5	146	30	0	190	0
5	146	0	0	0	1
5	147	0	90	100	0
5	147	60	110	150	1
5	148	70	30	150	2
5	151	255	127	0	0
5	151	120	110	85	1
5	151	80	80	50	2
5	152	92	68	0	0
5	152	70	40	10	1
5	153	105	80	50	2
5	154	255	127	0	0
5	154	120	100	60	2
5	154	85	115	165	3
5	155	255	127	0	0
5	155	128	85	0	1
5	155	130	220	210	2
5	156	255	127	0	0
5	156	120	110	85	1
5	156	80	80	50	2
5	157	255	127	0	0
5	157	120	110	85	1
5	157	80	80	50	2
5	160	128	26	230	0
5	160	100	80	0	1
5	160	0	0	0	3
5	161	77	46	0	0
5	161	255	100	100	1
5	162	255	50	50	1
5	162	100	80	0	2
5	163	180	180	255	1
5	163	178	10	0	2
5	163	180	180	255	3
5	163	84	40	17	5
5	164	180	180	255	0
5	164	51	40	0	2
5	164	255	10	0	3
5	165	128	26	230	0
5	165	178	84	25	1
5	166	128	26	230	0
5	166	100	80	0	1
5	167	100	80	0	0
5	167	178	10	0	1
5	167	180	180	255	3
5	168	100	80	0	3
5	168	178	25	25	4
5	168	160	140	255	5
5	169	255	78	30	0
5	169	0	0	0	1
5	170	229	178	114	-1
5	171	190	142	69	0
5	171	0	0	0	1
5	171	0	0	0	2
5	171	0	0	0	3
5	171	0	0	0	4
5	172	0	0	0	0
5	172	255	52	0	1
5	172	0	0	0	2
5	172	0	0	0	3
5	173	108	127	139	0
5	173	0	0	0	1
5	173	0	0	0	2
5	173	0	0	0	3
5	174	78	17	166	0
5	174	78	17	166	4
5	175	147	138	76	0
5	176	100	200	255	0
5	177	100	150	200	0
5	177	200	160	100	1
5	177	0	0	0	2
5	177	0	0	0	3
5	178	60	0	150	0
5	178	100	150	200	1
6	16	153	204	102	-1
6	19	51	178	76	-1
6	20	127	127	178	-1
6	21	178	76	76	-1
6	22	204	216	229	-1
6	23	165	76	63	-1
6	24	229	0	0	-1
6	25	165	165	140	-1
6	26	0	127	255	-1
6	29	102	204	255	-1
6	30	229	204	255	-1
6	31	204	51	25	-1
6	32	229	204	63	-1
6	33	204	216	229	-1
6	34	255	96	64	0
6	35	204	216	229	-1
6	36	204	216	229	-1
6	38	178	76	76	-1
6	39	229	204	255	-1
6	40	127	178	255	-1
6	41	216	153	153	-1
6	42	51	68	162	0
6	42	0	0	0	1
6	42	0	0	0	4
6	43	153	204	102	0
6	44	204	40	28	0
6	45	58	64	29	0
6	46	117	113	87	0
6	47	193	144	77	0
6	47	0	0	0	3
6	48	122	139	168	0
6	49	215	89	0	0
6	49	0	0	0	2
6	49	24	31	18	3
6	49	0	0	0	4
6	50	0	0	0	0
6	50	134	127	255	1
6	50	159	150	102	2
6	51	88	66	195	0
6	52	255	156	78	0
6	53	255	172	108	0
6	54	178	193	224	0
6	55	173	153	108	0
6	56	201	131	87	0
6	57	67	114	155	0
6	58	200	160	100	0
6	58	255	200	160	1
6	59	30	61	105	0
6	60	204	40	28	0
6	61	58	64	29	0
6	62	117	113	87	0
6	63	193	144	77	0
6	63	0	0	0	3
6	64	122	139	168	0
6	65	215	89	0	0
6	65	0	0	0	2
6	65	24	31	18	3
6	65	0	0	0	4
6	66	0	0	0	0
6	66	134	127	255	1
6	66	159	150	102	2
6	67	30	61	105	0
6	68	190	150	100	1
6	68	100	80	10	2
6	68	255	190	100	3
6	69	190	150	100	1
6	69	100	80	10	2
6	69	255	190	100	3
6	70	204	40	28	0
6	71	58	64	29	0
6	72	117	113	87	0
6	73	193	144	77	0
6	73	0	0	0	3
6	74	122	139	168	0
6	75	215	89	0	0
6	75	0	0	0	2
6	75	24	31	18	3
6	75	0	0	0	4
6	76	0	0	0	0
6	76	134	127	255	1
6	76	159	150	102	2
6	77	30	61	105	0
6	78	190	150	100	1
6	78	100	80	10	2
6	78	255	190	100	3
6	79	30	15	150	2
6	79	30	15	150	3
6	79	0	0	0	4
6	80	100	70	160	1
6	80	100	70	160	2
6	80	100	150	200	3
6	81	30	15	150	2
6	81	30	15	150	3
6	81	0	0	0	4
6	82	30	15	150	2
6	82	30	15	150	3
6	82	0	0	0	4
6	83	120	100	60	0
6	83	150	145	105	1
6	84	255	127	0	0
6	84	85	75	50	1
6	84	170	165	150	3
6	85	120	100	60	0
6	85	150	145	105	1
6	86	120	100	60	0
6	86	150	145	105	1
6	87	255	96	64	0
6	88	88	66	195	0
6	89	255	156	78	0
6	90	255	172	108	0
6	91	178	193	224	0
6	92	173	153	108	0
6	93	201	131	87	0
6	94	67	114	155	0
6	95	200	160	100	0
6	95	255	200	160	1
6	96	100	70	160	1
6	96	100	70	160	2
6	96	100	150	200	3
6	97	255	127	0	0
6	97	85	75	50	1
6	97	170	165	150	3
6	98	0	0	0	0
6	98	163	0	0	1
6	98	255	127	0	2
6	98	102	127	154	3
6	99	102	149	71	0
6	99	0	0	0	1
6	99	0	0	0	2
6	99	210	177	0	3
6	100	168	188	231	3
6	101	255	127	0	0
6	101	188	171	108	2
6	102	90	125	147	0
6	102	255	0	0	2
6	103	119	93	78	0
6	104	90	110	112	0
6	105	166	44	0	0
6	106	130	127	180	0
6	106	8	64	255	3
6	107	227	172	74	0
6	107	156	10	255	2
6	107	153	184	221	3
6	108	34	55	180	1
6	108	255	189	105	2
6	109	255	186	102	0
6	110	255	126	95	1
6	110	255	206	139	3
6	111	232	255	255	2
6	112	255	236	153	0
6	112	183	164	76	1
6	113	255	50	50	0
6	113	190	150	255	1
6	113	255	140	0	4
6	114	74	149	39	0
6	114	226	220	193	3
6	115	255	50	50	0
6	115	63	50	77	1
6	115	77	46	0	4
6	116	190	150	255	0
6	116	255	50	50	1
6	116	100	80	0	2
6	117	255	50	50	0
6	117	63	50	77	1
6	117	77	46	0	4
6	118	255	50	50	0
6	118	63	50	77	1
6	118	77	46	0	4
6	119	190	150	255	0
6	119	255	50	50	1
6	119	128	70	0	2
6	120	255	96	64	0
6	121	88	66	195	0
6	122	255	156	78	0
6	123	255	172	108	0
6	124	178	193	224	0
6	125	173	153	108	0
6	126	201	131	87	0
6	127	67	114	155	0
6	128	200	160	100	0
6	128	255	200	160	1
6	129	100	70	160	1
6	129	100	70	160	2
6	129	100	150	200	3
6	130	255	127	0	0
6	130	85	75	50	1
6	130	170	165	150	3
6	131	190	150	255	0
6	131	255	50	50	1
6	131	128	70	0	2
7	1	255	51	0	-1
7	3	0	127	255	-1
7	4	255	255	255	-1
7	6	153	204	102	-1
7	7	204	178	102	-1
7	9	0	127	255	-1
7	12	0	127	255	-1
7	13	0	204	102	-1
7	14	255	255	255	-1
7	15	229	204	255	-1
7	16	191	165	127	-1
7	17	127	127	204	-1
7	18	255	255	255	-1
7	19	127	127	204	-1
7	20	127	127	204	-1
7	21	204	117	63	-1
7	22	165	114	76	-1
7	23	89	89	153	-1
7	24	204	117	63	-1
7	25	89	89	153	-1
7	26	119	170	153	-1
7	27	191	165	127	-1
7	28	51	76	153	-1
7	29	127	102	76	-1
7	30	94	94	255	-1
7	31	76	178	76	-1
7	32	127	102	255	-1
7	33	114	114	58	-1
7	34	153	127	51	-1
7	35	153	153	153	-1
7	36	76	178	76	-1
7	37	127	153	178	-1
7	38	114	114	58	-1
7	39	51	178	76	-1
7	40	178	76	76	-1
7	41	178	127	76	-1
7	42	127	51	178	-1
7	43	204	102	153	-1
7	44	153	102	204	-1
7	45	127	127	178	-1
7	46	204	102	0	-1
7	47	178	127	178	-1
7	48	255	51	0	-1
7	49	178	102	102	-1
7	50	76	153	102	-1
7	51	178	51	51	-1
7	52	127	127	178	-1
7	53	178	51	51	-1
7	54	204	216	229	-1
7	55	229	0	0	-1
7	56	153	204	102	-1
7	57	229	0	0	-1
7	58	0	127	255	-1
7	59	204	117	63	-1
7	60	204	102	0	-1
7	61	127	102	76	-1
7	73	127	204	229	-1
7	74	204	153	51	-1
7	75	165	76	63	-1
7	76	204	216	229	-1
7	77	255	229	153	-1
7	78	255	51	0	-1
7	79	0	127	255	-1
7	80	255	255	255	-1
7	81	89	89	153	-1
7	82	178	76	76	-1
7	83	204	117	63	-1
7	91	102	178	255	-1
7	92	127	204	165	-1
7	93	229	204	255	-1
7	94	191	255	153	-1
7	94	0	127	255	0
7	94	0	127	255	1
7	95	127	76	25	-1
7	98	204	216	229	-1
7	99	204	216	229	-1
7	100	204	216	229	-1
7	101	204	216	229	-1
7	102	204	216	229	-1
7	103	204	216	229	-1
7	104	204	216	229	-1
7	105	204	216	229	-1
7	106	255	146	76	-1
7	107	255	146	76	-1
7	108	255	146	76	-1
7	109	255	146	76	-1
7	110	255	146	76	-1
7	111	255	146	76	-1
7	112	255	146	76	-1
7	113	255	146	76	-1
7	114	255	146	76	-1
7	115	204	216	229	-1
7	116	0	0	0	0
7	116	141	124	58	1
7	117	166	115	52	0
7	117	166	73	11	1
7	117	204	114	51	2
7	118	110	113	217	0
7	118	0	0	0	1
7	119	160	60	61	0
7	119	0	0	0	1
7	120	49	79	51	0
7	120	0	0	0	1
7	121	32	81	61	0
7	121	0	0	0	1
7	122	204	216	229	0
7	122	0	0	0	1
7	123	165	127	51	0
7	123	0	0	0	2
7	124	204	216	229	-1
7	125	110	113	217	0
7	125	0	0	0	1
7	127	204	216	229	-1
7	128	204	216	229	-1
7	129	204	216	229	-1
7	136	204	102	0	-1
7	138	140	140	191	-1
7	139	76	76	204	-1
7	140	178	153	140	-1
7	141	204	127	178	-1
7	142	114	96	51	-1
7	143	102	153	132	-1
7	144	178	153	102	-1
7	145	165	127	51	-1
7	146	89	165	255	-1
7	147	229	178	114	-1
7	148	127	178	255	-1
7	149	216	153	153	-1
7	150	122	147	99	-1
7	151	122	147	99	-1
7	152	122	147	99	-1
7	153	122	147	99	-1
7	154	122	147	99	-1
7	155	122	147	99	-1
7	156	122	147	99	-1
7	157	122	147	99	-1
7	164	68	89	183	0
7	164	82	69	48	1
7	164	0	0	0	2
7	165	0	0	0	0
7	165	82	69	48	1
7	165	68	89	183	2
7	166	0	0	0	0
7	166	68	89	183	1
7	166	0	0	0	2
7	167	0	0	0	0
7	167	0	0	0	1
7	167	68	89	183	2
7	167	0	0	0	3
7	169	0	0	0	0
7	169	0	0	0	1
7	169	68	89	183	2
7	169	82	69	48	3
7	170	82	69	48	0
7	170	68	89	183	1
7	170	0	0	0	2
7	170	0	0	0	3
7	171	82	69	48	0
7	171	68	89	183	1
7	171	0	0	0	2
7	171	0	0	0	3
7	172	0	0	0	0
7	172	68	89	183	1
7	172	0	0	0	2
7	174	40	0	30	0
7	174	0	0	0	1
7	174	0	0	0	2
7	175	32	19	0	0
7	175	0	0	0	1
7	175	0	0	0	2
7	176	0	55	0	0
7	176	0	0	0	1
7	176	0	127	0	2
7	177	112	0	0	0
7	177	0	0	0	1
7	178	66	66	111	0
7	178	0	0	0	1
7	179	77	11	11	0
7	179	0	0	0	1
7	180	66	66	111	0
7	180	204	216	229	1
7	180	0	0	0	2
7	181	114	96	51	0
7	181	114	96	51	1
7	181	0	0	0	2
7	182	0	0	0	0
7	182	100	84	56	1
7	182	0	0	0	2
7	182	0	0	0	3
7	183	255	146	76	0
7	183	255	147	76	1
7	183	0	0	0	2
7	183	0	0	0	3
7	184	68	89	183	0
7	184	68	60	86	1
7	184	68	89	183	2
7	185	222	222	199	1
7	186	0	32	19	0
7	186	0	0	0	1
7	186	0	0	0	2
7	187	0	55	0	0
7	187	0	0	0	1
7	187	0	54	19	2
7	189	141	139	132	0
7	190	25	9	49	0
7	191	0	0	0	0
7	191	222	222	199	1
7	192	222	222	199	2
7	194	25	9	49	0
7	195	141	139	132	0
7	196	222	222	199	0
7	197	222	222	199	1
7	199	25	9	49	0
7	199	222	222	199	1
7	200	204	216	229	-1
7	201	140	140	191	-1
7	202	122	147	99	-1
7	203	255	146	76	-1
7	204	68	89	183	0
7	204	82	69	48	1
7	204	0	0	0	2
7	205	141	139	132	0
7	207	90	155	102	0
7	208	111	111	111	0
7	209	229	122	98	2
7	210	111	111	155	1
7	211	155	122	66	0
7	212	204	216	255	0
7	213	114	114	58	0
7	213	114	114	58	2
7	214	122	147	99	0
7	215	255	146	76	2
7	216	68	89	183	1
7	216	82	69	48	2
7	217	222	222	199	1
7	218	90	155	120	0
7	219	229	122	98	2
7	221	117	91	71	0
7	222	117	91	71	0
7	223	117	91	71	1
7	224	117	91	71	1
7	226	117	91	71	0
7	227	117	91	71	0
7	228	93	120	195	0
7	229	117	91	71	1
7	231	117	91	71	0
7	232	117	91	71	0
7	233	117	91	71	0
7	234	112	105	242	0
7	235	98	125	151	0
7	237	248	90	17	0
7	237	255	0	0	1
7	238	95	129	251	0
7	239	98	74	51	0
7	240	188	178	136	0
7	241	0	0	0	0
7	241	151	161	176	1
7	242	76	76	204	-1
7	243	122	147	99	-1
7	244	255	146	76	-1
7	245	0	0	0	0
7	245	82	69	48	1
7	245	68	89	183	2
7	246	25	9	49	0
7	247	117	91	71	0
7	248	95	113	153	0
7	252	156	154	54	0
7	253	185	127	62	0
7	253	234	195	68	1
7	254	255	149	209	0
7	256	124	154	204	1
7	257	215	167	127	1
7	258	185	149	137	1
7	259	151	161	176	0
7	260	178	153	140	-1
7	261	122	147	99	-1
7	262	255	146	76	-1
7	263	0	0	0	0
7	263	68	89	183	1
7	263	0	0	0	2
7	264	0	0	0	0
7	264	222	222	199	1
7	265	117	91	71	1
7	266	95	113	153	0
7	269	255	149	209	0
7	270	95	113	153	0
7	271	95	113	153	0
7	272	95	113	153	0
7	273	95	113	153	0
7	273	255	127	0	1
7	273	255	127	0	2
7	275	95	113	153	0
7	276	95	113	153	0
7	277	95	113	153	0
7	278	95	113	153	0
7	280	95	113	153	0
7	281	95	113	153	0
7	282	95	113	153	0
7	283	95	113	153	0
7	284	255	150	150	0
7	285	255	150	150	0
7	286	255	150	150	1
7	287	255	150	150	0
7	289	255	150	150	0
7	290	255	150	150	0
7	291	255	150	150	0
7	292	255	150	150	1
7	294	255	150	150	1
7	295	255	150	150	0
7	296	255	150	150	0
7	297	255	150	150	0
7	298	255	150	150	0
7	299	255	150	150	0
7	300	149	197	105	0
7	300	151	198	103	1
7	300	151	198	103	2
7	301	0	127	255	0
7	301	0	127	255	1
7	301	0	127	255	2
7	302	202	218	217	0
7	303	62	99	125	0
7	303	54	101	127	1
7	304	124	59	0	0
7	304	255	210	175	1
7	305	180	77	0	0
7	305	183	70	0	1
7	306	204	217	229	0
7	306	209	215	231	1
7	307	141	142	190	0
7	307	139	140	193	1
7	307	139	139	190	2
7	308	120	149	100	0
7	308	124	147	102	1
7	309	255	149	79	0
7	309	255	147	74	1
7	309	255	149	74	2
7	310	68	88	187	0
7	310	68	87	181	1
7	310	69	87	185	2
7	310	69	87	181	3
7	311	141	138	130	0
7	311	142	138	132	1
7	311	141	138	132	2
7	312	117	92	71	0
7	312	119	92	71	1
7	312	119	92	73	2
7	314	255	150	150	0
7	314	0	0	0	1
7	315	0	127	255	0
7	315	0	127	255	1
7	315	1	127	255	2
7	316	204	223	212	0
7	316	204	222	217	1
7	317	209	223	222	0
7	317	204	222	226	1
7	318	102	102	102	0
7	319	102	102	102	0
7	320	102	102	102	2
7	321	102	102	102	0
7	322	102	102	102	0
7	323	102	102	102	0
7	324	102	102	102	0
7	325	102	102	102	0
7	326	102	102	102	2
7	327	102	102	102	0
7	328	102	102	102	2
7	329	102	102	102	0
7	330	102	102	102	0
7	331	102	102	102	0
7	332	102	102	102	0
7	333	102	102	102	0
7	334	102	102	102	0
7	335	69	116	0	0
7	336	115	90	142	0
7	337	175	81	78	0
7	337	170	85	73	1
7	338	80	140	209	0
7	339	98	118	181	0
7	340	123	127	168	0
7	341	141	113	85	0
7	342	74	79	150	0
7	343	150	130	110	0
7	344	210	99	43	1
7	345	134	146	185	0
7	345	50	130	238	1
7	346	163	139	188	1
7	347	112	127	175	1
7	348	84	149	117	0
7	349	255	79	45	0
7	350	60	90	148	0
7	355	163	143	99	0
7	356	113	93	49	0
7	357	163	143	99	0
7	358	79	65	34	0
7	360	163	143	99	0
7	361	163	143	99	0
7	362	163	143	99	0
7	363	79	65	34	0
7	365	79	65	34	0
7	366	163	143	99	0
7	367	163	143	99	0
7	368	113	93	49	0
7	369	113	93	49	0
7	370	79	65	34	0
7	371	163	143	99	0
7	351	79	65	34	0
7	387	100	120	165	0
7	388	170	89	55	0
7	390	130	100	89	1
7	391	112	129	153	0
7	392	91	106	151	0
7	393	200	200	100	0
7	394	200	150	110	1
7	395	189	138	112	0
7	396	120	140	222	0
7	397	190	140	100	0
7	398	203	83	40	0
7	399	151	156	233	0
7	399	100	55	55	1
7	400	200	180	200	0
7	401	190	170	130	0
7	402	140	220	200	0
7	403	255	160	100	0
7	404	28	28	200	0
7	405	200	200	200	0
7	406	149	125	73	0
7	407	102	142	197	0
7	408	200	170	150	1
7	409	151	141	120	0
7	410	149	125	73	0
7	411	59	1	80	0
7	412	87	59	100	0
7	413	59	1	80	1
7	413	15	0	20	2
7	413	34	127	255	3
7	415	149	125	73	0
7	416	149	125	73	0
7	417	149	125	73	1
7	418	59	1	80	1
7	418	15	0	20	2
7	420	59	1	80	1
7	420	15	0	20	2
7	420	34	174	255	3
7	421	87	59	100	0
7	422	149	125	73	0
7	423	59	1	80	0
7	423	30	0	40	2
7	424	59	1	80	0
7	424	30	0	40	2
7	425	59	1	80	1
7	425	15	0	20	2
7	426	149	125	73	0
7	427	59	1	80	1
7	427	15	0	20	2
7	428	149	125	73	0
8	1	255	51	0	-1
8	3	0	127	255	-1
8	4	255	255	255	-1
8	6	153	204	102	-1
8	7	204	178	102	-1
8	9	0	127	255	-1
8	12	0	127	255	-1
8	13	0	204	102	-1
8	14	255	255	255	-1
8	15	229	204	255	-1
8	16	191	165	127	-1
8	17	127	127	204	-1
8	18	255	255	255	-1
8	19	127	127	204	-1
8	20	127	127	204	-1
8	21	204	117	63	-1
8	22	165	114	76	-1
8	23	89	89	153	-1
8	24	204	117	63	-1
8	25	89	89	153	-1
8	26	119	170	153	-1
8	27	191	165	127	-1
8	28	51	76	153	-1
8	29	127	102	76	-1
8	30	94	94	255	-1
8	31	76	178	76	-1
8	32	127	102	255	-1
8	33	114	114	58	-1
8	34	153	127	51	-1
8	35	153	153	153	-1
8	36	76	178	76	-1
8	37	127	153	178	-1
8	38	114	114	58	-1
8	39	51	178	76	-1
8	40	178	76	76	-1
8	41	178	127	76	-1
8	42	127	51	178	-1
8	43	204	102	153	-1
8	44	153	102	204	-1
8	45	127	127	178	-1
8	46	204	102	0	-1
8	47	178	127	178	-1
8	48	255	51	0	-1
8	49	178	102	102	-1
8	50	76	153	102	-1
8	51	178	51	51	-1
8	52	127	127	178	-1
8	53	178	51	51	-1
8	54	204	216	229	-1
8	55	229	0	0	-1
8	56	153	204	102	-1
8	57	229	0	0	-1
8	58	0	127	255	-1
8	59	204	117	63	-1
8	60	204	102	0	-1
8	61	127	102	76	-1
8	73	127	204	229	-1
8	74	204	153	51	-1
8	75	165	76	63	-1
8	76	204	216	229	-1
8	77	255	229	153	-1
8	78	255	51	0	-1
8	79	0	127	255	-1
8	80	255	255	255	-1
8	81	89	89	153	-1
8	82	178	76	76	-1
8	83	204	117	63	-1
8	91	102	178	255	-1
8	92	127	204	165	-1
8	93	229	204	255	-1
8	94	191	255	153	-1
8	95	127	76	25	-1
8	98	204	216	229	-1
8	99	204	216	229	-1
8	100	204	216	229	-1
8	101	204	216	229	-1
8	102	117	124	142	0
8	103	204	216	229	-1
8	104	204	216	229	-1
8	105	204	216	229	-1
8	106	255	146	76	-1
8	107	255	146	76	-1
8	108	255	146	76	-1
8	109	255	146	76	-1
8	110	255	146	76	-1
8	111	255	146	76	-1
8	112	255	146	76	-1
8	113	255	146	76	-1
8	114	255	146	76	-1
8	115	204	216	229	-1
8	116	141	124	58	0
8	117	204	114	51	0
8	117	204	114	51	1
8	118	110	113	217	0
8	119	150	60	61	0
8	119	0	0	0	1
8	119	40	35	88	2
8	119	0	0	0	3
8	120	49	79	51	0
8	121	32	81	61	0
8	121	0	0	0	1
8	121	0	0	0	2
8	122	204	216	229	0
8	123	165	127	51	0
8	123	0	4	0	1
8	123	0	0	0	2
8	124	204	216	229	-1
8	125	110	113	217	0
8	127	204	216	229	-1
8	128	204	216	229	-1
8	129	204	216	229	-1
8	136	204	102	0	-1
8	138	140	140	191	-1
8	139	76	76	204	-1
8	140	178	153	140	-1
8	141	204	127	178	-1
8	142	114	96	51	-1
8	143	102	153	132	-1
8	144	178	153	102	-1
8	145	165	127	51	-1
8	146	89	165	255	-1
8	147	229	178	114	-1
8	148	127	178	255	-1
8	149	216	153	153	-1
8	150	122	147	99	-1
8	151	122	147	99	-1
8	152	122	147	99	-1
8	153	122	147	99	-1
8	154	122	147	99	-1
8	155	122	147	99	-1
8	156	122	147	99	-1
8	157	122	147	99	-1
8	161	117	124	142	0
8	164	89	68	48	0
8	164	68	89	183	1
8	164	0	0	0	2
8	164	0	0	0	3
8	165	82	69	48	0
8	165	68	89	183	1
8	165	0	0	0	2
8	166	82	69	48	0
8	166	68	89	183	1
8	166	0	0	0	2
8	167	82	69	48	0
8	167	68	89	183	1
8	167	0	0	0	2
8	168	68	69	48	0
8	168	82	69	48	1
8	168	0	0	0	2
8	168	0	0	0	3
8	169	82	69	48	0
8	169	68	89	183	1
8	170	68	89	183	0
8	170	82	69	183	1
8	170	0	0	0	2
8	171	0	0	0	0
8	171	82	69	48	1
8	171	68	89	183	2
8	172	82	69	48	0
8	172	68	89	183	1
8	172	0	0	0	2
8	173	82	69	48	0
8	173	68	89	183	1
8	173	0	0	0	2
8	173	0	0	0	3
8	174	13	0	22	0
8	174	0	0	0	1
8	174	13	0	22	2
8	174	0	0	0	3
8	175	0	0	0	0
8	175	32	19	0	1
8	175	0	0	0	2
8	176	0	55	0	0
8	176	0	0	0	1
8	176	0	55	0	2
8	176	0	0	0	3
8	177	0	0	0	0
8	177	163	43	0	1
8	178	0	0	0	0
8	178	66	66	111	1
8	179	0	0	0	0
8	179	125	11	88	1
8	180	66	66	111	0
8	181	0	0	0	0
8	181	114	96	51	1
8	181	0	0	0	2
8	182	100	84	56	0
8	183	255	146	76	0
8	183	0	0	0	1
8	183	255	146	76	2
8	183	0	0	0	3
8	184	55	55	55	0
8	184	68	89	183	1
8	184	0	0	0	2
8	185	25	9	49	0
8	185	25	9	49	2
8	185	222	222	199	3
8	186	0	0	0	0
8	186	0	31	19	1
8	186	0	0	0	2
8	187	0	55	0	0
8	187	0	54	19	1
8	187	0	55	0	2
8	189	222	222	199	2
8	189	25	9	49	3
8	190	0	0	0	0
8	190	0	0	0	1
8	190	25	9	49	2
8	190	0	0	0	3
8	190	222	222	199	4
8	191	25	9	49	0
8	191	222	222	199	3
8	191	0	0	0	4
8	191	222	222	199	5
8	192	25	9	49	2
8	192	222	222	199	3
8	193	222	222	199	2
8	193	25	9	49	3
8	194	25	9	49	0
8	194	222	222	199	1
8	194	25	9	49	2
8	194	222	222	199	4
8	195	141	139	132	0
8	195	141	139	132	2
8	195	25	9	49	3
8	196	25	9	49	2
8	196	141	139	132	3
8	197	25	9	49	0
8	197	222	222	199	5
8	198	222	222	199	2
8	198	25	9	49	3
8	199	25	9	49	0
8	199	0	0	0	3
8	200	204	216	229	-1
8	201	140	140	191	-1
8	202	122	147	99	-1
8	203	255	146	76	-1
8	204	89	68	48	0
8	204	68	89	183	1
8	204	0	0	0	2
8	204	0	0	0	3
8	205	222	222	199	2
8	205	25	9	49	3
8	207	90	155	101	0
8	208	111	111	111	0
8	209	229	122	98	1
8	209	20	55	111	2
8	210	111	111	155	0
8	211	155	122	66	0
8	212	204	216	229	0
8	213	114	114	58	0
8	214	122	147	99	0
8	214	122	147	99	1
8	215	255	146	76	0
8	216	82	69	48	0
8	216	68	89	183	1
8	217	0	0	0	0
8	217	255	127	0	1
8	217	25	9	49	2
8	217	255	127	0	3
8	217	222	222	199	4
8	218	90	155	120	0
8	219	0	0	0	0
8	219	229	122	98	1
8	221	117	91	71	0
8	221	117	91	71	2
8	221	112	105	247	3
8	221	255	127	0	4
8	222	117	91	71	0
8	222	112	105	247	2
8	222	117	91	71	4
8	223	0	0	0	1
8	223	117	91	71	2
8	223	117	91	71	4
8	224	0	0	0	1
8	224	117	91	71	2
8	224	117	91	71	5
8	225	117	91	71	0
8	225	117	91	71	2
8	225	112	105	247	3
8	225	255	127	0	4
8	226	117	91	71	0
8	226	112	105	247	1
8	226	112	105	247	2
8	226	117	91	71	4
8	227	117	91	71	0
8	227	117	91	71	2
8	227	112	105	247	3
8	227	255	127	0	4
8	228	0	0	0	0
8	228	112	105	247	1
8	228	117	91	71	2
8	228	255	127	0	3
8	229	0	0	0	1
8	229	117	91	71	2
8	229	117	91	71	4
8	230	117	91	71	0
8	230	117	91	71	2
8	230	112	105	247	3
8	230	255	127	0	4
8	231	117	91	71	1
8	231	117	91	71	4
8	232	0	0	0	0
8	232	0	0	0	1
8	232	117	91	71	2
8	232	112	105	247	3
8	232	0	0	0	4
8	232	117	91	71	5
8	233	117	91	71	0
8	233	117	91	71	2
8	233	112	105	247	3
8	233	255	127	0	4
8	234	112	105	247	0
8	234	0	0	0	1
8	234	117	91	71	2
8	234	107	91	71	3
8	234	112	105	247	4
8	235	98	125	151	0
8	236	147	154	180	0
8	237	248	90	17	0
8	237	255	0	0	1
8	238	95	129	251	0
8	239	119	88	51	0
8	240	188	178	136	0
8	241	151	161	176	0
8	242	76	76	204	-1
8	243	122	147	99	-1
8	244	255	146	76	-1
8	245	82	69	48	0
8	245	68	89	183	1
8	245	0	0	0	2
8	246	0	0	0	0
8	246	0	0	0	1
8	246	25	9	49	2
8	246	0	0	0	3
8	246	222	222	199	4
8	247	117	91	71	0
8	247	112	105	247	2
8	247	117	91	71	4
8	248	95	113	153	0
8	248	95	113	153	1
8	252	156	154	54	0
8	253	234	195	68	0
8	253	234	195	68	1
8	254	255	149	209	0
8	256	124	154	204	0
8	257	0	0	0	0
8	257	215	167	127	2
8	258	185	149	137	0
8	259	151	161	176	0
8	260	178	153	140	-1
8	261	122	147	99	-1
8	262	255	146	76	-1
8	263	82	69	48	0
8	263	68	89	183	1
8	263	0	0	0	2
8	264	25	9	49	0
8	264	222	222	199	3
8	264	0	0	0	4
8	264	222	222	199	5
8	265	0	0	0	1
8	265	117	91	71	2
8	265	117	91	71	4
8	266	95	113	153	0
8	269	255	149	209	0
8	270	95	113	153	0
8	270	95	113	153	2
8	271	95	113	153	0
8	271	95	113	153	1
8	272	95	113	153	0
8	273	95	113	153	0
8	273	95	113	153	1
8	273	0	0	0	2
8	274	95	113	153	0
8	274	95	113	153	2
8	275	95	113	153	0
8	275	95	113	153	1
8	276	95	113	153	0
8	276	95	113	153	2
8	277	95	113	153	0
8	278	95	113	153	0
8	279	95	113	153	0
8	279	95	113	153	2
8	280	95	113	153	0
8	281	95	113	153	0
8	281	95	113	153	1
8	281	0	0	0	2
8	282	95	113	153	0
8	282	95	113	153	2
8	283	95	113	153	0
8	283	95	113	153	1
8	284	255	150	150	0
8	284	55	55	55	1
8	285	255	150	150	0
8	285	55	55	55	1
8	286	255	150	150	0
8	286	55	55	55	1
8	287	255	150	150	0
8	287	55	55	55	1
8	288	255	150	150	0
8	288	55	55	55	1
8	288	255	150	150	2
8	289	255	150	150	0
8	289	55	55	55	1
8	290	255	150	150	0
8	290	55	55	55	1
8	291	255	150	150	0
8	291	55	55	55	1
8	292	255	150	150	0
8	292	55	55	55	1
8	293	255	150	150	0
8	293	55	55	55	1
8	293	255	150	150	2
8	294	255	150	150	0
8	294	55	55	55	1
8	295	255	150	150	0
8	295	55	55	55	1
8	296	255	150	150	0
8	296	55	55	55	1
8	297	255	150	150	0
8	297	55	55	55	1
8	298	255	150	150	0
8	298	55	55	55	1
8	299	255	150	150	0
8	299	55	55	55	1
8	300	151	200	100	0
8	300	149	193	107	1
8	301	0	127	255	0
8	301	0	127	255	1
8	302	202	220	212	0
8	302	214	225	224	1
8	302	205	222	221	2
8	303	71	98	142	0
8	303	64	98	153	1
8	303	56	102	153	2
8	303	59	99	124	3
8	304	125	57	0	0
8	304	122	79	0	1
8	305	182	75	0	0
8	305	181	65	0	1
8	306	205	215	232	0
8	307	141	139	192	0
8	307	141	140	192	1
8	307	139	140	190	2
8	308	125	146	103	0
8	309	255	145	79	0
8	310	68	89	187	0
8	310	68	89	183	1
8	310	68	89	183	2
8	310	68	89	183	3
8	311	141	138	132	0
8	311	141	140	132	1
8	311	141	138	132	2
8	311	141	138	132	3
8	311	141	138	132	4
8	312	120	92	71	0
8	312	119	94	71	1
8	312	115	91	69	2
8	312	117	92	71	3
8	312	117	92	70	4
8	314	255	150	150	0
8	314	55	55	55	1
8	315	0	127	255	0
8	315	0	127	255	1
8	316	205	223	214	0
8	316	205	222	219	1
8	316	205	222	217	2
8	317	204	223	224	0
8	317	205	223	221	1
8	317	202	225	219	2
8	318	102	102	102	0
8	319	102	102	102	0
8	320	102	102	102	0
8	321	102	102	102	0
8	322	102	102	102	0
8	323	102	102	102	0
8	324	102	102	102	0
8	325	102	102	102	0
8	326	102	102	102	0
8	327	102	102	102	0
8	328	102	102	102	0
8	329	102	102	102	0
8	330	102	102	102	0
8	331	102	102	102	0
8	332	102	102	102	0
8	333	102	102	102	0
8	334	102	102	102	0
8	335	69	116	0	0
8	336	115	90	142	0
8	337	175	81	78	0
8	338	80	140	209	0
8	339	98	118	181	1
8	340	123	127	168	0
8	341	141	113	85	0
8	342	74	79	150	1
8	343	150	130	110	0
8	344	210	99	43	1
8	345	134	146	185	0
8	345	50	130	238	1
8	346	163	139	188	0
8	347	112	127	175	2
8	347	112	127	175	4
8	348	84	149	117	0
8	349	255	79	45	0
8	350	60	90	148	0
8	350	60	90	148	1
8	355	163	143	99	0
8	355	54	48	33	1
8	356	113	93	49	0
8	356	40	33	17	1
8	357	163	143	99	0
8	357	82	72	50	1
8	358	79	65	34	0
8	358	40	33	17	1
8	359	163	143	99	0
8	359	54	48	33	1
8	360	163	143	99	0
8	360	54	48	33	1
8	361	163	143	99	0
8	361	54	48	33	1
8	362	163	143	99	0
8	362	54	48	33	1
8	363	79	65	34	0
8	363	57	47	25	1
8	364	168	143	99	0
8	365	79	65	34	0
8	365	29	24	13	1
8	366	163	143	99	0
8	366	29	24	13	1
8	366	163	143	99	3
8	367	163	143	99	0
8	367	54	48	33	1
8	368	113	93	49	0
8	368	40	33	17	1
8	369	113	93	49	0
8	369	29	24	13	1
8	370	79	65	34	0
8	370	40	33	17	1
8	371	163	143	99	0
8	371	54	48	33	1
8	351	79	65	34	0
8	351	57	47	25	1
8	387	100	120	165	0
8	388	170	89	55	0
8	390	130	100	89	0
8	391	112	129	153	0
8	392	91	106	151	0
8	393	200	200	100	2
8	394	200	150	110	0
8	395	183	138	112	0
8	396	100	120	200	0
8	397	190	140	100	0
8	398	203	83	40	0
8	399	55	55	55	0
8	399	151	156	233	1
8	400	200	180	200	2
8	400	70	33	70	3
8	401	190	170	130	0
8	401	190	170	130	2
8	401	55	55	55	3
8	402	140	233	111	0
8	402	140	220	200	2
8	403	255	160	100	0
8	403	255	100	100	1
8	404	33	33	200	0
8	405	160	180	222	0
8	405	139	132	147	1
8	406	149	125	73	0
8	406	37	31	18	3
8	407	102	142	197	0
8	408	200	170	150	0
8	409	151	141	120	0
8	410	149	125	73	0
8	410	37	31	18	3
8	411	59	1	80	0
8	412	87	59	100	0
8	413	15	0	20	0
8	413	59	1	80	1
8	414	149	125	73	0
8	414	37	31	18	1
8	414	37	31	18	4
8	415	149	125	73	0
8	415	37	31	18	3
8	416	149	125	73	0
8	417	149	125	73	0
8	417	37	31	18	3
8	418	15	0	20	0
8	418	59	1	80	1
8	419	149	125	73	0
8	419	37	31	18	1
8	419	37	31	18	4
8	420	15	0	20	0
8	420	59	1	80	1
8	421	87	59	100	0
8	421	11	18	12	4
8	422	149	125	73	0
8	422	37	31	18	3
8	423	59	1	80	0
8	423	30	0	40	1
8	424	59	1	80	0
8	424	30	0	40	1
8	425	15	0	20	0
8	425	59	1	80	1
8	426	149	125	73	0
8	426	37	31	18	1
8	426	37	31	18	4
8	427	15	0	20	0
8	427	59	1	80	1
8	428	149	125	73	0
8	428	37	31	18	3
9	1	255	51	0	-1
9	3	0	127	255	-1
9	4	255	255	255	-1
9	6	153	204	102	-1
9	7	204	178	102	-1
9	9	0	127	255	-1
9	12	0	127	255	-1
9	13	0	204	102	-1
9	14	255	255	255	-1
9	15	229	204	255	-1
9	16	191	165	127	-1
9	17	127	127	204	-1
9	18	255	255	255	-1
9	19	127	127	204	-1
9	20	127	127	204	-1
9	21	204	117	63	-1
9	22	165	114	76	-1
9	23	89	89	153	-1
9	24	204	117	63	-1
9	25	89	89	153	-1
9	26	119	170	153	-1
9	27	191	165	127	-1
9	28	51	76	153	-1
9	29	127	102	76	-1
9	30	94	94	255	-1
9	31	76	178	76	-1
9	32	127	102	255	-1
9	33	114	114	58	-1
9	34	153	127	51	-1
9	35	153	153	153	-1
9	36	76	178	76	-1
9	37	127	153	178	-1
9	38	114	114	58	-1
9	39	51	178	76	-1
9	40	178	76	76	-1
9	41	178	127	76	-1
9	42	127	51	178	-1
9	43	204	102	153	-1
9	44	153	102	204	-1
9	45	127	127	178	-1
9	46	204	102	0	-1
9	47	178	127	178	-1
9	48	255	51	0	-1
9	49	178	102	102	-1
9	50	76	153	102	-1
9	51	178	51	51	-1
9	52	127	127	178	-1
9	53	178	51	51	-1
9	54	204	216	229	-1
9	55	229	0	0	-1
9	56	153	204	102	-1
9	57	229	0	0	-1
9	58	0	127	255	-1
9	59	204	117	63	-1
9	60	204	102	0	-1
9	61	127	102	76	-1
9	73	127	204	229	-1
9	74	204	153	51	-1
9	75	165	76	63	-1
9	76	204	216	229	-1
9	77	255	229	153	-1
9	78	255	51	0	-1
9	79	0	127	255	-1
9	80	255	255	255	-1
9	81	89	89	153	-1
9	82	178	76	76	-1
9	83	204	117	63	-1
9	91	102	178	255	-1
9	92	127	204	165	-1
9	93	229	204	255	-1
9	94	191	255	153	-1
9	95	127	76	25	-1
9	98	204	216	229	-1
9	99	204	216	229	-1
9	100	204	216	229	-1
9	101	204	216	229	-1
9	102	117	124	142	0
9	103	204	216	229	-1
9	104	204	216	229	-1
9	105	204	216	229	-1
9	106	255	146	76	-1
9	107	255	146	76	-1
9	108	255	146	76	-1
9	109	255	146	76	-1
9	110	255	146	76	-1
9	111	255	146	76	-1
9	112	255	146	76	-1
9	113	255	146	76	-1
9	114	255	146	76	-1
9	115	204	216	229	-1
9	116	141	124	58	0
9	116	141	124	58	1
9	116	141	124	58	2
9	117	204	114	51	0
9	117	166	73	11	1
9	118	110	113	217	0
9	119	150	60	61	0
9	119	150	60	61	1
9	119	0	0	0	2
9	119	40	35	88	3
9	120	41	79	57	0
9	121	0	0	0	0
9	121	32	81	61	1
9	122	204	216	229	0
9	123	165	127	51	0
9	123	0	0	0	1
9	123	0	0	0	2
9	123	0	0	0	3
9	124	204	216	229	-1
9	125	110	113	217	0
9	127	204	216	229	-1
9	128	204	216	229	-1
9	129	204	216	229	-1
9	136	204	102	0	-1
9	138	140	140	191	-1
9	139	76	76	204	-1
9	140	178	153	140	-1
9	141	204	127	178	-1
9	142	114	96	51	-1
9	143	102	153	132	-1
9	144	178	153	102	-1
9	145	165	127	51	-1
9	146	89	165	255	-1
9	147	229	178	114	-1
9	148	127	178	255	-1
9	149	216	153	153	-1
9	150	122	147	99	-1
9	151	122	147	99	-1
9	152	122	147	99	-1
9	153	122	147	99	-1
9	154	122	147	99	-1
9	155	122	147	99	-1
9	156	122	147	99	-1
9	157	122	147	99	-1
9	161	117	124	142	0
9	164	82	69	48	0
9	164	82	69	48	1
9	164	82	69	48	2
9	165	68	89	183	0
9	165	80	60	40	1
9	165	0	0	0	2
9	165	0	0	0	3
9	165	82	68	48	4
9	166	82	69	48	0
9	166	0	0	0	1
9	166	68	89	183	2
9	166	0	0	0	3
9	166	82	69	48	4
9	167	82	69	48	0
9	167	0	0	0	1
9	167	68	89	183	2
9	167	0	0	0	3
9	167	82	69	48	4
9	168	68	89	183	0
9	168	82	69	48	1
9	168	82	69	48	2
9	168	0	0	0	3
9	169	82	69	48	0
9	169	82	69	48	1
9	169	0	0	0	2
9	169	0	0	0	3
9	169	0	0	0	4
9	170	68	89	183	0
9	170	82	69	48	1
9	170	82	69	48	2
9	170	0	0	0	3
9	171	82	69	48	0
9	171	68	89	183	1
9	171	82	69	48	2
9	171	0	0	0	3
9	171	0	0	0	4
9	172	82	69	48	0
9	172	255	127	0	1
9	172	68	89	183	2
9	172	0	0	0	3
9	172	82	69	48	4
9	173	68	89	183	0
9	173	82	69	48	1
9	173	82	69	48	2
9	173	0	0	0	3
9	174	13	1	22	0
9	175	32	19	0	0
9	176	0	25	0	0
9	177	127	43	0	0
9	177	0	0	0	1
9	178	66	66	111	0
9	178	0	0	0	1
9	179	0	0	0	0
9	179	125	11	88	1
9	180	66	66	111	0
9	181	114	96	51	0
9	181	0	0	0	1
9	181	0	0	0	2
9	182	100	84	56	0
9	183	255	146	76	0
9	184	82	68	48	0
9	184	0	0	0	1
9	184	68	89	183	2
9	184	0	0	0	3
9	184	68	79	113	4
9	185	222	222	199	0
9	185	25	9	49	1
9	186	0	32	19	0
9	187	0	54	19	0
9	189	25	9	49	0
9	189	25	9	49	1
9	189	222	222	199	2
9	190	222	222	199	0
9	190	25	9	49	1
9	190	25	9	49	2
9	191	25	9	49	0
9	191	229	231	255	1
9	192	222	222	199	0
9	192	25	9	49	2
9	193	25	9	49	0
9	193	25	9	49	1
9	193	222	222	199	2
9	194	222	222	199	0
9	194	25	9	49	1
9	194	25	9	49	2
9	194	0	0	0	3
9	194	0	0	0	4
9	195	25	9	49	0
9	195	25	9	49	1
9	195	222	222	199	2
9	195	0	0	0	3
9	195	0	0	0	4
9	196	0	0	0	0
9	196	25	9	49	1
9	197	25	9	49	0
9	197	222	222	199	1
9	198	25	9	49	0
9	198	25	9	49	1
9	198	222	222	199	2
9	199	222	222	199	0
9	199	25	9	49	2
9	200	204	216	229	-1
9	201	140	140	191	-1
9	202	122	147	99	-1
9	203	255	146	76	-1
9	204	82	69	48	0
9	204	82	69	48	1
9	204	82	69	48	2
9	205	25	9	49	0
9	205	25	9	49	1
9	205	222	222	199	2
9	207	90	155	120	0
9	208	111	111	111	0
9	209	25	56	105	0
9	209	229	122	90	1
9	210	111	111	155	0
9	211	155	122	66	0
9	212	204	216	229	0
9	213	114	114	58	0
9	214	82	85	56	0
9	215	255	146	76	0
9	216	68	89	183	0
9	216	82	69	48	1
9	216	0	0	0	2
9	216	0	0	0	3
9	216	68	89	183	4
9	217	222	222	199	0
9	217	25	9	49	1
9	217	49	9	49	2
9	218	90	155	120	0
9	219	229	122	98	1
9	221	117	91	71	0
9	221	112	105	247	1
9	221	255	127	0	3
9	222	117	91	71	0
9	222	255	127	0	1
9	222	112	105	247	3
9	223	117	91	71	1
9	223	255	127	0	3
9	224	225	127	0	1
9	224	117	91	71	2
9	225	117	91	71	0
9	225	112	105	247	1
9	225	255	127	0	3
9	226	117	91	71	0
9	226	112	105	71	1
9	226	112	105	247	3
9	227	117	91	71	0
9	227	112	105	247	1
9	227	255	127	0	3
9	228	117	91	71	2
9	228	112	105	247	3
9	229	117	91	71	1
9	229	255	127	0	3
9	230	117	91	71	0
9	230	112	105	247	1
9	230	255	127	0	3
9	231	255	127	0	1
9	231	117	91	71	2
9	232	117	91	71	1
9	232	112	105	255	2
9	233	117	91	71	0
9	233	112	105	247	1
9	233	255	127	0	3
9	234	112	105	247	0
9	234	107	91	71	3
9	235	98	125	151	1
9	236	147	154	180	0
9	236	147	154	180	1
9	237	248	90	17	0
9	237	255	0	0	1
9	238	95	129	251	0
9	239	98	74	51	0
9	240	188	178	136	0
9	241	151	161	176	0
9	242	76	76	204	-1
9	243	122	147	99	-1
9	244	255	146	76	-1
9	245	68	89	183	0
9	245	80	60	40	1
9	245	0	0	0	2
9	245	0	0	0	3
9	245	82	68	48	4
9	246	222	222	199	0
9	246	25	9	49	1
9	246	25	9	49	2
9	247	117	91	71	0
9	247	255	127	0	1
9	247	112	105	247	3
9	248	95	113	153	0
9	252	156	154	54	0
9	253	234	195	68	0
9	253	234	195	68	1
9	254	255	149	209	0
9	256	0	0	0	1
9	256	124	154	204	2
9	257	215	167	127	0
9	258	185	149	137	1
9	259	151	161	176	0
9	260	178	153	140	-1
9	261	122	147	99	-1
9	262	255	146	76	-1
9	263	82	69	48	0
9	263	0	0	0	1
9	263	68	89	183	2
9	263	0	0	0	3
9	263	82	69	48	4
9	264	25	9	49	0
9	264	229	231	255	1
9	265	117	91	71	1
9	265	255	127	0	3
9	266	95	113	153	0
9	269	255	149	209	0
9	270	95	113	153	0
9	270	95	113	153	2
9	271	95	113	153	0
9	272	95	113	153	0
9	273	95	113	153	0
9	273	95	113	153	1
9	274	95	113	153	0
9	274	95	113	153	1
9	274	95	113	153	2
9	275	95	113	153	0
9	276	95	113	153	0
9	276	95	113	153	2
9	277	95	113	153	0
9	277	95	113	153	1
9	278	95	113	153	0
9	279	95	113	153	0
9	279	95	113	153	2
9	280	95	113	153	0
9	281	95	113	153	0
9	281	95	113	153	1
9	281	0	0	0	2
9	282	95	113	153	0
9	282	95	113	153	2
9	283	95	113	153	0
9	284	255	150	150	0
9	284	55	55	55	1
9	284	255	150	150	2
9	285	255	150	150	0
9	285	55	55	55	1
9	285	255	150	150	2
9	286	255	150	150	0
9	286	55	55	55	1
9	286	255	150	150	2
9	287	255	150	150	0
9	287	55	55	55	1
9	287	255	150	150	2
9	288	255	150	150	0
9	288	55	55	55	1
9	288	255	150	150	2
9	289	255	150	150	0
9	289	55	55	55	1
9	289	255	150	150	2
9	290	255	150	150	0
9	290	55	55	55	1
9	290	255	150	150	2
9	291	255	150	150	0
9	291	255	150	150	1
9	291	55	55	55	2
9	292	255	150	150	0
9	292	55	55	55	1
9	292	255	150	150	2
9	293	255	150	150	0
9	293	55	55	55	1
9	293	55	55	55	2
9	294	255	150	150	0
9	294	55	55	55	1
9	294	255	150	150	2
9	295	255	150	150	0
9	295	55	55	55	1
9	295	255	150	150	2
9	296	255	150	150	0
9	296	55	55	55	1
9	296	255	150	150	2
9	297	255	150	150	0
9	297	55	55	55	1
9	297	255	150	150	2
9	298	255	150	150	0
9	298	55	55	55	1
9	298	255	150	150	2
9	299	255	150	150	0
9	299	55	55	55	1
9	299	255	150	150	2
9	300	151	204	98	0
9	300	151	200	102	1
9	301	0	127	255	0
9	301	0	127	255	1
9	302	205	223	226	0
9	302	207	225	222	1
9	303	61	98	124	0
9	303	57	101	127	1
9	304	125	55	0	0
9	305	130	70	0	0
9	306	200	215	231	0
9	307	139	140	192	0
9	307	139	142	190	1
9	308	124	149	98	0
9	308	125	147	102	1
9	308	124	149	100	2
9	308	120	147	102	3
9	309	255	149	76	0
9	310	66	89	185	0
9	310	66	88	185	2
9	310	68	89	185	3
9	311	141	138	132	0
9	311	142	138	130	1
9	311	141	140	132	2
9	311	142	138	132	3
9	311	141	138	132	4
9	312	119	91	73	0
9	312	117	89	69	1
9	312	117	89	71	2
9	312	117	92	71	3
9	314	255	150	150	0
9	314	55	55	55	1
9	314	255	150	150	2
9	315	0	127	255	0
9	315	0	127	255	1
9	316	205	225	222	0
9	316	204	223	224	1
9	317	202	222	224	0
9	317	204	227	214	1
9	318	102	102	102	0
9	318	102	102	102	2
9	319	102	102	102	0
9	319	102	102	102	1
9	320	102	102	102	0
9	320	102	102	102	2
9	321	102	102	102	0
9	321	102	102	102	2
9	322	102	102	102	0
9	322	102	102	102	2
9	323	102	102	102	0
9	323	102	102	102	1
9	324	102	102	102	0
9	324	102	102	102	2
9	325	102	102	102	0
9	325	102	102	102	2
9	326	102	102	102	0
9	326	102	102	102	2
9	327	102	102	102	0
9	327	102	102	102	2
9	328	102	102	102	0
9	328	102	102	102	2
9	329	102	102	102	2
9	329	102	102	102	3
9	330	102	102	102	0
9	330	102	102	102	2
9	331	102	102	102	0
9	331	102	102	102	1
9	332	102	102	102	0
9	332	102	102	102	1
9	333	102	102	102	0
9	333	102	102	102	2
9	334	102	102	102	0
9	334	102	102	102	2
9	335	69	116	0	0
9	336	115	90	142	0
9	337	0	0	0	0
9	337	234	102	62	1
9	337	175	87	74	2
9	338	80	140	209	0
9	339	98	118	181	2
9	340	123	127	168	0
9	341	141	113	85	0
9	342	74	79	150	0
9	343	150	130	110	0
9	344	210	99	43	0
9	345	134	146	185	0
9	345	50	130	238	2
9	346	163	139	188	0
9	347	112	127	175	1
9	348	84	149	117	0
9	348	84	220	117	2
9	349	255	79	45	0
9	349	255	79	45	2
9	350	60	90	148	0
9	350	60	90	148	2
9	355	54	48	33	0
9	355	163	143	99	1
9	356	113	93	49	0
9	356	40	33	17	1
9	357	82	72	50	0
9	357	163	143	99	1
9	358	79	65	34	0
9	358	40	33	17	2
9	359	54	48	33	0
9	359	163	143	99	1
9	360	54	48	33	0
9	360	163	143	99	1
9	361	54	48	33	0
9	361	163	143	99	1
9	362	163	143	99	0
9	362	54	48	33	1
9	363	57	47	25	1
9	363	79	65	34	2
9	364	163	143	99	1
9	365	29	24	13	1
9	365	79	65	34	2
9	366	27	24	16	0
9	366	163	143	99	1
9	366	163	143	99	2
9	366	163	143	99	4
9	367	54	48	33	0
9	367	163	143	99	1
9	368	113	93	49	0
9	368	40	33	17	1
9	369	113	93	49	0
9	369	15	12	7	1
9	370	40	33	17	1
9	370	79	65	34	2
9	371	54	48	33	0
9	371	164	143	99	1
9	351	57	47	25	1
9	351	79	65	34	2
9	387	100	120	165	0
9	388	170	89	55	0
9	390	130	100	89	0
9	391	112	129	153	0
9	392	91	106	151	0
9	393	200	200	100	0
9	394	200	150	110	1
9	395	189	138	112	0
9	396	100	120	200	0
9	397	190	140	100	0
9	398	203	83	40	0
9	399	151	156	233	0
9	399	55	55	55	1
9	400	70	33	70	0
9	400	70	33	70	1
9	400	70	33	70	2
9	401	190	170	130	0
9	401	55	55	55	1
9	402	140	233	111	0
9	402	140	220	200	2
9	403	255	160	100	0
9	403	255	100	100	1
9	403	255	66	66	2
9	404	33	33	200	0
9	404	33	33	200	2
9	405	153	166	190	0
9	405	159	162	188	1
9	406	149	125	73	0
9	406	37	31	18	2
9	407	102	142	197	0
9	408	200	170	150	0
9	409	151	141	120	0
9	410	149	125	73	0
9	410	37	31	18	2
9	411	59	1	80	0
9	411	30	0	40	1
9	412	87	59	100	0
9	413	59	1	80	0
9	413	15	0	20	1
9	414	149	125	73	0
9	414	37	31	18	1
9	414	37	31	18	2
9	415	149	125	73	0
9	415	37	31	18	2
9	416	149	125	73	0
9	417	149	125	73	0
9	417	37	31	18	1
9	418	89	1	80	0
9	418	15	0	20	1
9	419	149	125	73	0
9	419	37	31	18	1
9	419	37	31	18	2
9	420	59	1	80	0
9	420	15	0	20	1
9	420	34	174	255	3
9	421	87	59	100	0
9	421	11	18	12	2
9	421	87	59	100	3
9	422	149	125	73	0
9	422	37	31	18	2
9	423	59	1	80	0
9	423	30	0	40	1
9	424	59	1	80	0
9	424	30	0	40	1
9	425	59	1	80	0
9	425	15	0	20	1
9	426	149	125	73	0
9	426	37	31	18	1
9	426	37	31	18	2
9	427	59	1	80	0
9	427	15	0	20	1
9	428	149	125	73	0
9	428	37	31	18	2
10	1	255	51	0	-1
10	3	0	127	255	-1
10	4	255	255	255	-1
10	6	153	204	102	-1
10	7	204	178	102	-1
10	9	0	127	255	-1
10	12	0	127	255	-1
10	13	0	204	102	-1
10	14	255	255	255	-1
10	15	229	204	255	-1
10	16	191	165	127	-1
10	17	127	127	204	-1
10	18	255	255	255	-1
10	19	127	127	204	-1
10	20	127	127	204	-1
10	21	204	117	63	-1
10	22	165	114	76	-1
10	23	89	89	153	-1
10	24	204	117	63	-1
10	25	89	89	153	-1
10	26	119	170	153	-1
10	27	191	165	127	-1
10	28	51	76	153	-1
10	29	127	102	76	-1
10	30	94	94	255	-1
10	31	76	178	76	-1
10	32	127	102	255	-1
10	33	114	114	58	-1
10	34	153	127	51	-1
10	35	153	153	153	-1
10	36	76	178	76	-1
10	37	127	153	178	-1
10	38	114	114	58	-1
10	39	51	178	76	-1
10	40	178	76	76	-1
10	41	178	127	76	-1
10	42	127	51	178	-1
10	43	204	102	153	-1
10	44	153	102	204	-1
10	45	127	127	178	-1
10	46	204	102	0	-1
10	47	178	127	178	-1
10	48	255	51	0	-1
10	49	178	102	102	-1
10	50	76	153	102	-1
10	51	178	51	51	-1
10	52	127	127	178	-1
10	53	178	51	51	-1
10	54	204	216	229	-1
10	55	229	0	0	-1
10	56	153	204	102	-1
10	57	229	0	0	-1
10	58	0	127	255	-1
10	59	204	117	63	-1
10	60	204	102	0	-1
10	61	127	102	76	-1
10	73	127	204	229	-1
10	74	204	153	51	-1
10	75	165	76	63	-1
10	76	204	216	229	-1
10	77	255	229	153	-1
10	78	255	51	0	-1
10	79	0	127	255	-1
10	80	255	255	255	-1
10	81	89	89	153	-1
10	82	178	76	76	-1
10	83	204	117	63	-1
10	91	102	178	255	-1
10	92	127	204	165	-1
10	93	229	204	255	-1
10	94	191	255	153	-1
10	95	127	76	25	-1
10	98	204	216	229	-1
10	99	204	216	229	-1
10	100	204	216	229	-1
10	101	204	216	229	-1
10	102	117	124	142	0
10	103	204	216	229	-1
10	104	204	216	229	-1
10	105	204	216	229	-1
10	106	255	146	76	-1
10	107	255	146	76	-1
10	108	255	146	76	-1
10	109	255	146	76	-1
10	110	255	146	76	-1
10	111	255	146	76	-1
10	112	255	146	76	-1
10	113	255	146	76	-1
10	114	255	146	76	-1
10	115	204	216	229	-1
10	116	141	121	58	0
10	117	204	114	51	0
10	117	204	114	51	1
10	118	110	113	217	0
10	119	160	40	47	0
10	119	40	35	88	1
10	120	49	79	51	0
10	121	32	81	61	0
10	122	204	216	229	0
10	123	165	127	51	0
10	123	0	0	0	2
10	124	204	216	229	-1
10	125	110	113	217	0
10	127	204	216	229	-1
10	128	204	216	229	-1
10	129	204	216	229	-1
10	136	204	102	0	-1
10	138	140	140	191	-1
10	139	76	76	204	-1
10	140	178	153	140	-1
10	141	204	127	178	-1
10	142	114	96	51	-1
10	143	102	153	132	-1
10	144	178	153	102	-1
10	145	165	127	51	-1
10	146	89	165	255	-1
10	147	229	178	114	-1
10	148	127	178	255	-1
10	149	216	153	153	-1
10	150	122	147	99	-1
10	151	122	147	99	-1
10	152	122	147	99	-1
10	153	122	147	99	-1
10	154	122	147	99	-1
10	155	122	147	99	-1
10	156	122	147	99	-1
10	157	122	147	99	-1
10	161	117	124	142	0
10	164	82	69	48	0
10	164	0	0	0	1
10	165	68	89	183	0
10	165	82	69	48	1
10	165	0	0	0	2
10	166	82	69	48	0
10	166	69	89	183	1
10	167	82	69	48	0
10	167	68	89	183	1
10	168	82	69	48	0
10	168	0	0	0	1
10	169	82	69	48	0
10	169	82	69	48	1
10	169	0	0	0	2
10	171	82	69	48	0
10	171	68	89	183	1
10	171	0	0	0	4
10	172	82	69	48	0
10	172	68	89	183	1
10	173	82	69	48	0
10	173	0	0	0	1
10	173	0	0	0	2
10	174	13	1	22	0
10	175	32	19	0	0
10	176	0	15	0	0
10	177	127	43	0	0
10	178	66	66	111	0
10	179	125	11	88	0
10	180	66	66	110	0
10	181	114	96	51	0
10	182	100	84	56	0
10	183	255	146	76	0
10	184	82	69	48	0
10	184	68	89	183	1
10	185	222	222	199	0
10	185	25	9	49	1
10	186	0	32	19	0
10	187	0	54	19	0
10	189	25	9	49	0
10	189	222	222	199	1
10	190	222	222	199	0
10	190	25	9	49	1
10	191	25	9	49	0
10	191	222	222	199	1
10	191	0	0	0	2
10	192	222	222	199	0
10	192	25	9	49	1
10	193	25	9	49	0
10	193	222	222	199	1
10	194	222	222	199	0
10	194	25	9	54	1
10	196	25	9	49	0
10	196	222	222	199	1
10	196	0	0	0	2
10	197	25	9	49	0
10	197	222	222	199	1
10	198	25	9	49	0
10	198	222	222	199	1
10	199	222	222	199	0
10	199	25	9	49	1
10	200	204	216	229	-1
10	201	140	140	191	-1
10	202	122	147	99	-1
10	203	255	146	76	-1
10	204	82	69	48	0
10	204	0	0	0	1
10	205	25	9	49	0
10	205	222	222	199	1
10	207	90	155	120	0
10	208	111	111	111	0
10	209	229	122	98	0
10	210	111	111	155	0
10	211	155	122	66	0
10	212	204	216	229	0
10	213	114	114	58	0
10	214	122	147	99	0
10	215	255	146	76	0
10	216	68	89	83	0
10	216	82	69	48	1
10	217	222	222	199	0
10	217	25	9	49	1
10	218	90	155	120	0
10	219	229	122	98	0
10	221	117	91	71	0
10	222	117	91	71	0
10	223	117	91	71	0
10	224	117	91	71	0
10	225	117	91	71	0
10	226	117	91	71	0
10	228	117	91	71	0
10	229	117	91	71	0
10	230	117	91	71	0
10	231	117	91	71	0
10	232	117	91	71	0
10	233	117	91	71	0
10	234	112	105	247	0
10	235	98	125	151	0
10	236	0	0	0	0
10	236	147	154	180	1
10	237	248	90	17	0
10	237	255	0	0	1
10	238	95	129	251	0
10	239	98	74	51	0
10	240	188	178	136	0
10	241	151	161	176	0
10	242	76	76	204	-1
10	243	122	147	99	-1
10	244	255	146	76	-1
10	245	68	89	183	0
10	245	82	69	48	1
10	245	0	0	0	2
10	246	222	222	199	0
10	246	25	9	49	1
10	247	117	91	71	0
10	248	95	113	153	0
10	251	0	0	0	0
10	252	156	154	54	0
10	253	234	195	68	0
10	254	255	149	209	0
10	256	124	154	204	0
10	257	215	167	127	1
10	258	185	149	137	0
10	259	151	161	176	0
10	260	178	153	140	-1
10	261	122	147	99	-1
10	262	255	146	76	-1
10	263	82	69	48	0
10	263	69	89	183	1
10	264	25	9	49	0
10	264	222	222	199	1
10	264	0	0	0	2
10	265	117	91	71	0
10	266	95	113	153	0
10	269	255	149	209	0
10	270	95	113	153	0
10	271	95	113	153	0
10	272	95	113	153	0
10	273	95	113	153	0
10	274	95	113	153	0
10	275	95	113	153	0
10	277	95	113	153	0
10	278	95	113	153	0
10	279	95	113	153	0
10	280	95	113	153	0
10	281	95	113	153	0
10	282	95	113	153	0
10	283	95	113	153	0
10	284	255	150	150	0
10	284	55	55	55	1
10	285	255	150	150	0
10	286	255	150	150	0
10	286	55	55	55	1
10	287	255	150	150	0
10	287	55	55	55	1
10	288	255	150	150	0
10	288	55	55	55	1
10	289	255	150	150	0
10	290	255	150	150	0
10	291	255	150	150	0
10	292	255	150	150	0
10	292	55	55	55	1
10	293	255	150	150	0
10	293	55	55	55	1
10	294	255	150	150	0
10	294	55	55	55	1
10	295	255	150	150	0
10	295	55	55	55	1
10	296	255	150	150	0
10	296	55	55	55	1
10	297	255	150	150	0
10	298	255	150	150	0
10	299	255	150	150	0
10	299	55	55	55	1
10	300	149	194	93	0
10	300	149	198	100	1
10	301	0	127	255	0
10	302	204	227	224	0
10	302	204	223	222	1
10	302	202	222	219	2
10	303	64	99	122	0
10	303	57	98	120	1
10	304	127	56	0	0
10	305	181	75	0	0
10	306	204	218	231	0
10	307	141	142	190	0
10	307	141	142	190	1
10	308	122	149	102	0
10	309	255	147	78	0
10	309	255	147	74	1
10	309	255	147	78	2
10	310	69	89	181	0
10	310	66	89	183	1
10	311	141	140	132	0
10	311	141	140	130	1
10	311	141	138	132	2
10	312	117	91	71	0
10	312	120	91	73	1
10	314	255	150	150	0
10	314	55	55	55	1
10	314	0	0	0	2
10	314	0	0	0	3
10	315	0	127	255	0
10	316	202	218	217	0
10	316	202	218	224	1
10	316	204	220	222	2
10	317	204	228	226	0
10	317	207	225	224	1
10	317	207	226	222	2
10	318	102	102	102	0
10	319	102	102	102	0
10	320	102	102	102	0
10	321	102	102	102	0
10	322	102	102	102	0
10	323	102	102	102	0
10	324	102	102	102	0
10	325	102	102	102	0
10	326	102	102	102	0
10	327	102	102	102	0
10	328	102	102	102	0
10	329	102	102	102	0
10	330	102	102	102	0
10	331	102	102	102	0
10	332	102	102	102	0
10	333	102	102	102	0
10	334	102	102	102	0
10	335	69	116	0	0
10	336	115	90	142	0
10	337	175	81	78	0
10	338	80	140	209	0
10	339	98	118	181	0
10	340	123	127	168	0
10	341	141	113	85	0
10	342	74	79	150	0
10	343	150	130	110	0
10	344	210	99	43	0
10	345	134	146	185	0
10	345	50	130	238	1
10	346	163	139	188	0
10	347	112	127	175	0
10	348	84	149	117	0
10	349	255	79	45	0
10	350	60	90	148	0
10	355	163	143	99	0
10	356	113	93	49	0
10	356	40	33	17	1
10	357	163	143	99	0
10	358	79	65	34	0
10	358	40	33	17	1
10	359	163	143	99	0
10	359	54	48	33	1
10	360	163	143	99	0
10	362	163	143	99	0
10	363	79	65	34	0
10	363	57	47	25	1
10	364	164	143	99	0
10	365	79	65	34	0
10	365	29	24	13	1
10	365	79	65	34	2
10	366	163	143	99	0
10	367	163	143	99	0
10	368	113	93	49	0
10	368	40	33	17	1
10	369	113	93	49	0
10	369	15	12	7	1
10	370	79	65	34	0
10	370	40	33	17	1
10	371	163	143	99	0
10	371	54	48	33	1
10	351	79	65	34	0
10	351	57	47	25	1
10	387	100	120	165	0
10	388	170	89	55	0
10	390	130	100	89	0
10	391	112	129	153	0
10	392	91	106	151	0
10	393	200	200	100	0
10	394	200	150	110	0
10	395	189	138	112	0
10	396	100	120	200	0
10	397	190	140	100	0
10	398	203	83	40	0
10	399	151	156	233	0
10	400	200	180	200	0
10	400	200	180	200	1
10	400	0	0	0	2
10	401	190	170	130	0
10	402	140	220	200	0
10	403	255	160	100	0
10	404	33	33	200	0
10	405	160	180	222	0
10	406	149	125	73	0
10	406	37	31	18	2
10	407	102	142	231	0
10	408	200	170	150	0
10	409	151	141	120	0
10	410	149	125	73	0
10	410	37	31	18	2
10	411	59	1	80	0
10	411	30	0	40	1
10	412	87	59	100	0
10	413	59	1	80	0
10	413	15	0	20	2
10	414	149	125	73	0
10	414	37	31	18	2
10	415	149	125	73	0
10	415	37	31	18	2
10	417	149	125	73	0
10	417	37	31	18	1
10	418	89	1	80	0
10	418	15	0	20	2
10	419	149	125	73	0
10	419	37	31	18	2
10	420	59	1	80	0
10	420	15	0	20	2
10	421	87	59	100	0
10	421	87	59	100	2
10	421	11	18	12	3
10	422	149	125	73	0
10	422	37	31	18	2
10	423	59	1	80	0
10	423	30	0	40	1
10	424	59	1	80	0
10	424	30	0	40	1
10	425	59	1	80	0
10	425	15	0	20	2
10	426	149	125	73	0
10	426	37	31	18	2
10	427	59	1	80	0
10	427	15	0	20	2
10	428	149	125	73	0
10	428	37	31	18	2
11	1	255	51	0	-1
11	3	0	127	255	-1
11	4	255	255	255	-1
11	6	153	204	102	-1
11	7	204	178	102	-1
11	9	0	127	255	-1
11	12	0	127	255	-1
11	13	0	204	102	-1
11	14	255	255	255	-1
11	15	229	204	255	-1
11	16	191	165	127	-1
11	17	127	127	204	-1
11	18	255	255	255	-1
11	19	127	127	204	-1
11	20	127	127	204	-1
11	21	204	117	63	-1
11	22	165	114	76	-1
11	23	89	89	153	-1
11	24	204	117	63	-1
11	25	89	89	153	-1
11	26	119	170	153	-1
11	27	191	165	127	-1
11	28	51	76	153	-1
11	29	127	102	76	-1
11	30	94	94	255	-1
11	31	76	178	76	-1
11	32	127	102	255	-1
11	33	114	114	58	-1
11	34	153	127	51	-1
11	35	153	153	153	-1
11	36	76	178	76	-1
11	37	127	153	178	-1
11	38	114	114	58	-1
11	39	51	178	76	-1
11	40	178	76	76	-1
11	41	178	127	76	-1
11	42	127	51	178	-1
11	43	204	102	153	-1
11	44	153	102	204	-1
11	45	127	127	178	-1
11	46	204	102	0	-1
11	47	178	127	178	-1
11	48	255	51	0	-1
11	49	178	102	102	-1
11	50	76	153	102	-1
11	51	178	51	51	-1
11	52	127	127	178	-1
11	53	178	51	51	-1
11	54	204	216	229	-1
11	55	229	0	0	-1
11	56	153	204	102	-1
11	57	229	0	0	-1
11	58	0	127	255	-1
11	59	204	117	63	-1
11	60	204	102	0	-1
11	61	127	102	76	-1
11	73	127	204	229	-1
11	74	204	153	51	-1
11	75	165	76	63	-1
11	76	204	216	229	-1
11	77	255	229	153	-1
11	78	255	51	0	-1
11	79	0	127	255	-1
11	80	255	255	255	-1
11	81	89	89	153	-1
11	82	178	76	76	-1
11	83	204	117	63	-1
11	91	102	178	255	-1
11	92	127	204	165	-1
11	93	229	204	255	-1
11	94	191	255	153	-1
11	95	127	76	25	-1
11	98	204	216	229	-1
11	99	204	216	229	-1
11	100	204	216	229	-1
11	101	204	216	229	-1
11	102	117	124	142	0
11	103	204	216	229	-1
11	104	204	216	229	-1
11	105	204	216	229	-1
11	106	255	146	76	-1
11	107	255	146	76	-1
11	108	255	146	76	-1
11	109	255	146	76	-1
11	110	255	146	76	-1
11	111	255	146	76	-1
11	112	255	146	76	-1
11	113	255	146	76	-1
11	114	255	146	76	-1
11	115	204	216	229	-1
11	116	141	121	58	0
11	117	204	114	51	0
11	118	110	113	217	0
11	119	150	60	61	0
11	120	49	79	51	0
11	121	32	81	61	0
11	122	59	74	111	0
11	123	165	127	51	0
11	124	204	216	229	-1
11	125	110	113	217	0
11	127	204	216	229	-1
11	128	204	216	229	-1
11	129	204	216	229	-1
11	136	204	102	0	-1
11	138	140	140	191	-1
11	139	76	76	204	-1
11	140	178	153	140	-1
11	141	204	127	178	-1
11	142	114	96	51	-1
11	143	102	153	132	-1
11	144	178	153	102	-1
11	145	165	127	51	-1
11	146	89	165	255	-1
11	147	229	178	114	-1
11	148	127	178	255	-1
11	149	216	153	153	-1
11	150	122	147	99	-1
11	151	122	147	99	-1
11	152	122	147	99	-1
11	153	122	147	99	-1
11	154	122	147	99	-1
11	155	122	147	99	-1
11	156	122	147	99	-1
11	157	122	147	99	-1
11	161	117	124	142	0
11	164	68	89	183	0
11	164	82	69	48	1
11	164	0	0	0	2
11	165	68	89	183	0
11	165	0	0	0	1
11	166	82	69	48	0
11	166	68	89	183	1
11	167	82	69	48	0
11	167	68	89	183	1
11	168	82	69	48	0
11	168	68	89	183	1
11	168	0	0	0	2
11	169	68	89	183	0
11	170	82	69	48	0
11	170	68	89	183	1
11	170	0	0	0	2
11	171	68	89	183	0
11	171	82	69	48	1
11	172	82	69	48	0
11	172	68	89	183	1
11	173	82	69	48	0
11	173	68	89	183	1
11	173	0	0	0	2
11	174	13	1	22	0
11	175	31	19	0	0
11	176	0	55	0	0
11	177	127	43	0	0
11	178	66	66	111	0
11	179	125	11	88	0
11	180	66	66	111	0
11	181	114	96	51	0
11	182	100	84	56	0
11	183	255	146	76	0
11	184	82	69	48	0
11	184	68	89	183	1
11	185	25	9	49	0
11	186	0	32	19	0
11	187	0	54	0	0
11	189	25	9	49	0
11	190	25	9	49	0
11	191	25	9	49	0
11	192	25	9	49	0
11	193	25	9	49	0
11	194	25	9	49	0
11	195	25	9	49	0
11	196	25	9	49	0
11	197	25	9	49	0
11	198	25	9	49	0
11	199	25	9	49	0
11	200	204	216	229	-1
11	201	140	140	191	-1
11	202	122	147	99	-1
11	203	255	146	76	-1
11	204	68	89	183	0
11	204	82	69	48	1
11	204	0	0	0	2
11	205	25	9	49	0
11	207	90	155	120	0
11	208	111	111	111	0
11	209	229	122	98	0
11	210	111	111	155	0
11	212	204	216	229	0
11	213	114	114	58	0
11	214	122	147	99	0
11	216	68	89	183	0
11	216	82	69	48	1
11	217	25	9	49	0
11	217	222	222	199	1
11	218	90	155	120	0
11	219	229	122	98	0
11	221	117	91	71	0
11	222	117	91	71	0
11	223	117	91	71	0
11	224	117	91	71	0
11	225	117	91	71	0
11	226	117	91	71	0
11	227	117	91	71	0
11	228	117	91	71	0
11	229	117	91	71	0
11	230	117	91	71	0
11	231	117	91	71	0
11	232	117	91	71	0
11	233	117	91	71	0
11	234	117	91	71	0
11	235	98	125	151	0
11	236	147	154	180	0
11	237	248	90	17	0
11	237	255	0	0	1
11	238	95	129	251	0
11	239	98	74	51	0
11	240	188	178	136	0
11	241	151	161	176	0
11	242	76	76	204	-1
11	243	122	147	99	-1
11	244	255	146	76	-1
11	245	68	89	183	0
11	245	0	0	0	1
11	246	25	9	49	0
11	247	117	91	71	0
11	248	95	113	153	0
11	252	156	154	54	0
11	253	234	195	68	0
11	254	255	149	209	0
11	256	124	154	204	0
11	257	215	167	127	0
11	258	185	149	137	0
11	259	151	161	176	0
11	260	178	153	140	-1
11	261	122	147	99	-1
11	262	255	146	76	-1
11	263	82	69	48	0
11	263	68	89	183	1
11	264	25	9	49	0
11	265	117	91	71	0
11	266	95	113	153	0
11	269	255	149	209	0
11	270	95	113	153	0
11	271	95	113	153	0
11	272	95	113	153	0
11	273	95	113	153	0
11	274	95	113	153	0
11	275	95	113	153	0
11	276	95	113	153	0
11	277	95	113	153	0
11	278	95	113	153	0
11	279	95	113	153	0
11	280	95	113	153	0
11	281	95	113	153	0
11	282	95	113	153	0
11	283	95	113	153	0
11	284	255	150	150	0
11	285	255	150	150	0
11	286	255	150	150	0
11	287	255	150	150	0
11	288	255	150	150	0
11	289	255	150	150	0
11	290	255	150	150	0
11	291	255	150	150	0
11	292	255	150	150	0
11	293	255	150	150	0
11	294	255	150	150	0
11	295	255	150	150	0
11	296	255	150	150	0
11	297	255	150	150	0
11	298	255	150	150	0
11	299	255	150	150	0
11	300	149	200	103	0
11	300	147	196	96	1
11	301	0	127	255	0
11	302	203	225	221	0
11	303	61	98	124	0
11	304	125	57	0	0
11	305	183	72	0	0
11	306	205	217	226	0
11	307	141	140	190	0
11	307	139	140	190	1
11	308	124	147	102	0
11	309	255	147	76	0
11	310	69	89	187	0
11	310	68	91	183	1
11	310	69	89	183	2
11	311	141	139	132	0
11	311	141	138	130	1
11	312	119	92	73	0
11	314	255	150	150	0
11	315	0	127	255	0
11	316	198	225	210	0
11	317	204	227	226	0
11	318	102	102	102	0
11	319	102	102	102	0
11	320	102	102	102	0
11	321	102	102	102	0
11	322	102	102	102	0
11	323	102	102	102	0
11	324	102	102	102	0
11	325	102	102	102	0
11	326	102	102	102	0
11	327	102	102	102	0
11	328	102	102	102	0
11	329	102	102	102	0
11	330	102	102	102	0
11	331	102	102	102	0
11	332	102	102	102	0
11	333	102	102	102	0
11	334	102	102	102	0
11	335	69	116	0	0
11	336	115	90	142	0
11	337	175	81	78	0
11	338	80	140	209	0
11	339	98	118	181	0
11	340	123	127	168	0
11	341	141	113	85	0
11	342	74	79	150	0
11	343	150	130	110	0
11	344	210	99	43	0
11	345	134	146	185	0
11	345	50	130	238	1
11	346	163	139	188	0
11	347	112	127	175	0
11	348	84	149	117	0
11	349	255	79	45	0
11	350	60	90	148	0
11	355	163	143	99	0
11	355	54	48	33	1
11	356	113	93	49	0
11	356	40	33	17	1
11	357	163	143	99	0
11	357	54	48	33	1
11	358	79	65	34	0
11	358	54	48	17	1
11	359	163	143	99	0
11	359	54	48	33	1
11	360	163	143	99	0
11	361	163	143	99	0
11	362	163	143	99	0
11	363	79	65	34	0
11	363	57	47	25	1
11	364	163	143	99	0
11	365	79	65	34	0
11	365	29	24	13	1
11	366	163	143	99	0
11	367	163	143	99	0
11	367	54	48	33	1
11	368	113	93	49	0
11	368	40	33	17	1
11	369	113	93	49	0
11	370	79	65	34	0
11	370	40	33	17	1
11	371	163	143	99	0
11	371	54	48	33	1
11	351	79	65	34	0
11	351	57	47	25	1
11	387	100	120	165	0
11	388	170	89	55	0
11	390	130	100	89	0
11	391	112	129	153	0
11	392	91	106	151	0
11	393	200	200	100	0
11	394	200	150	110	0
11	395	189	138	112	0
11	396	100	120	200	0
11	397	190	140	100	0
11	398	203	83	40	0
11	399	151	156	233	0
11	400	200	180	200	0
11	401	190	170	130	0
11	402	140	220	200	0
11	403	255	160	100	0
11	404	33	33	200	0
11	405	160	180	222	0
11	406	149	125	73	0
11	406	37	31	18	2
11	407	102	142	231	0
11	408	200	170	150	0
11	409	151	141	120	0
11	410	149	125	73	0
11	410	37	31	18	2
11	411	59	1	80	0
11	411	30	0	40	1
11	412	87	59	100	0
11	413	34	174	255	0
11	413	15	0	20	2
11	413	59	1	80	3
11	414	149	125	73	0
11	414	37	31	18	1
11	414	37	31	18	2
11	415	149	125	73	0
11	415	37	31	18	2
11	416	149	125	73	0
11	417	149	125	73	0
11	417	37	31	18	1
11	418	15	0	20	2
11	418	89	1	80	3
11	419	149	125	73	0
11	419	37	31	18	1
11	419	37	31	18	2
11	420	34	174	255	0
11	420	15	0	20	2
11	420	59	1	80	3
11	421	87	59	100	0
11	422	149	125	73	0
11	422	37	31	18	2
11	423	59	1	80	0
11	423	30	0	40	1
11	424	59	1	80	0
11	425	59	1	80	3
11	426	149	125	73	0
11	426	75	62	36	2
11	427	15	0	20	2
11	427	59	1	80	3
11	428	149	125	73	0
11	428	37	31	18	2
12	14	0	127	255	-1
12	152	200	0	0	1
12	152	0	88	249	2
12	153	0	0	0	1
12	153	0	88	249	2
12	160	200	0	0	2
12	161	51	67	85	2
12	172	117	186	255	0
12	172	255	127	0	1
12	172	255	127	0	2
12	174	184	169	25	0
12	174	191	163	0	1
12	174	154	72	0	2
12	174	195	170	0	3
12	175	180	162	0	0
12	175	207	181	0	2
12	175	181	166	0	3
12	176	89	0	0	0
12	176	198	0	0	1
12	176	0	0	0	2
12	176	231	0	0	3
12	176	0	0	0	4
12	177	176	0	0	0
12	177	204	2	0	1
12	177	170	0	0	3
12	178	0	0	0	0
12	178	156	0	0	1
12	178	180	0	0	2
12	178	0	0	0	3
12	178	0	0	0	4
12	180	0	0	0	-1
12	181	0	0	0	-1
12	182	0	0	0	-1
12	183	0	0	0	-1
12	184	0	0	0	-1
12	185	0	0	0	-1
12	186	0	0	0	-1
12	187	0	0	0	-1
12	188	0	0	0	-1
12	189	0	0	0	-1
12	190	0	0	0	-1
12	191	0	0	0	-1
12	192	0	0	0	-1
12	193	0	0	0	-1
12	196	232	193	98	0
12	198	227	189	119	0
12	198	134	141	185	2
12	414	181	131	69	-1
12	415	212	200	170	-1
12	416	255	166	124	-1
12	417	204	190	151	-1
12	418	61	112	255	-1
12	419	255	20	20	-1
12	420	181	137	139	-1
12	421	195	127	125	-1
12	438	181	131	69	-1
12	439	212	200	170	-1
12	440	255	166	124	-1
12	441	204	190	151	-1
12	442	61	112	255	-1
12	443	255	20	20	-1
12	444	181	137	139	-1
12	445	193	127	125	-1
12	452	85	95	225	0
12	452	0	0	0	1
12	460	255	192	96	0
12	460	0	0	0	1
12	469	188	79	88	0
12	469	0	0	0	1
12	469	0	0	0	2
12	470	188	79	88	0
12	470	0	0	0	2
12	474	0	0	0	0
12	474	135	147	144	1
12	474	0	0	0	2
12	480	0	0	0	0
12	480	135	147	144	1
12	480	0	0	0	2
12	490	124	55	32	0
12	497	124	55	32	0
13	182	0	0	0	-1
13	183	0	0	0	-1
13	184	0	0	0	-1
13	185	0	0	0	-1
13	186	0	0	0	-1
13	187	0	0	0	-1
13	188	0	0	0	-1
13	189	0	0	0	-1
13	190	0	0	0	-1
13	191	226	171	112	0
13	191	137	140	187	3
14	25	0	127	255	-1
14	26	0	127	255	-1
20	165	255	127	0	1
20	165	255	127	0	3
20	166	255	127	0	1
20	166	255	127	0	3
20	167	255	127	0	1
20	167	255	127	0	3
20	168	255	127	0	1
20	168	255	127	0	3
20	169	255	127	0	1
20	169	255	127	0	3
20	170	255	127	0	1
20	170	255	127	0	3
20	171	255	127	0	1
20	171	255	127	0	3
20	172	255	127	0	1
20	172	255	127	0	3
20	173	255	127	0	1
20	173	255	127	0	3
20	174	255	127	0	1
20	174	255	127	0	3
20	175	255	127	0	1
20	175	255	127	0	3
20	176	255	127	0	1
20	176	255	127	0	3
20	177	255	127	0	1
20	177	255	127	0	3
20	178	255	127	0	1
20	178	255	127	0	3
20	179	255	127	0	1
20	179	255	127	0	3
20	180	255	127	0	1
20	180	255	127	0	3
20	181	255	127	0	1
20	181	255	127	0	3
20	182	255	127	0	1
20	182	255	127	0	3
20	183	255	127	0	1
20	183	255	127	0	3
20	184	255	127	0	1
20	184	255	127	0	3
20	185	255	127	0	1
20	185	255	127	0	3
20	186	255	127	0	1
20	186	255	127	0	3
20	187	255	127	0	1
20	187	255	127	0	3
20	188	255	127	0	1
20	188	255	127	0	3
20	189	255	127	0	1
20	189	255	127	0	3
20	190	255	127	0	1
20	190	255	127	0	3
20	191	255	127	0	1
20	191	255	127	0	3
20	192	255	127	0	1
20	192	255	127	0	3
20	193	255	127	0	1
20	193	255	127	0	3
20	194	255	127	0	1
20	194	255	127	0	3
20	195	255	127	0	1
20	195	255	127	0	3
20	196	255	127	0	1
20	196	255	127	0	3
20	197	255	127	0	1
20	197	255	127	0	3
20	198	255	127	0	1
20	198	255	127	0	3
20	199	255	127	0	1
20	199	255	127	0	3
20	200	255	127	0	1
20	200	255	127	0	3
20	201	255	127	0	1
20	201	255	127	0	3
20	202	255	127	0	1
20	202	255	127	0	3
20	203	255	127	0	1
20	203	255	127	0	3
20	204	255	127	0	1
20	204	255	127	0	3
20	205	255	127	0	1
20	205	255	127	0	3
20	206	255	127	0	1
20	206	255	127	0	3
20	207	255	127	0	1
20	207	255	127	0	3
20	208	255	127	0	1
20	208	255	127	0	3
20	209	255	127	0	1
20	209	255	127	0	3
20	210	255	127	0	1
20	210	255	127	0	3
20	211	255	127	0	1
20	211	255	127	0	3
20	212	255	127	0	1
20	212	255	127	0	3
20	213	40	56	178	1
20	214	40	56	178	1
20	215	40	56	178	1
20	216	40	56	178	1
20	217	40	56	178	1
20	218	0	100	0	1
20	219	0	100	0	1
20	220	0	100	0	1
20	221	0	100	0	1
20	222	0	100	0	1
20	223	165	61	160	1
20	224	165	61	160	1
20	225	165	61	160	1
20	226	165	61	160	1
20	227	165	61	160	1
20	228	40	56	178	1
20	229	0	100	0	1
20	230	165	61	160	1
20	234	255	127	0	1
20	234	255	127	0	3
20	235	255	127	0	1
20	236	255	127	0	1
20	237	255	127	0	1
21	3	171	184	244	2
21	5	71	68	43	1
21	6	71	68	43	1
//Skins
//Sec Ind R   G   B   A
7	126	68	8	24	-1
7	130	68	8	24	-1
7	131	39	8	55	-1
7	132	39	8	55	-1
7	133	66	55	8	-1
7	134	66	55	8	-1
7	135	68	13	24	-1
7	84	68	13	24	-1
7	137	63	63	104	-1
7	188	63	63	104	-1
7	220	55	43	8	-1
7	251	55	43	8	-1
7	509	10	100	150	-1
7	510	10	100	150	-1
8	126	68	8	24	-1
8	130	68	8	24	-1
8	131	39	8	55	-1
8	132	39	8	55	-1
8	133	66	55	8	-1
8	134	66	55	8	-1
8	135	68	13	24	-1
8	84	68	13	24	-1
8	137	63	63	104	-1
8	188	63	63	104	-1
8	220	55	43	8	-1
8	251	55	43	8	-1
8	509	10	100	150	-1
8	510	10	100	150	-1
9	126	68	8	24	-1
9	130	68	8	24	-1
9	131	39	8	55	-1
9	132	39	8	55	-1
9	133	66	55	8	-1
9	134	66	55	8	-1
9	135	68	13	24	-1
9	84	68	13	24	-1
9	137	63	63	104	-1
9	188	63	63	104	-1
9	220	55	43	8	-1
9	251	55	43	8	-1
9	509	10	100	150	-1
9	510	10	100	150	-1
10	126	68	8	24	-1
10	130	68	8	24	-1
10	131	39	8	55	-1
10	132	39	8	55	-1
10	133	66	55	8	-1
10	134	66	55	8	-1
10	135	68	13	24	-1
10	84	68	13	24	-1
10	137	63	63	104	-1
10	188	63	63	104	-1
10	220	55	43	8	-1
10	251	55	43	8	-1
10	509	10	100	150	-1
10	510	10	100	150	-1
11	126	68	8	24	-1
11	130	68	8	24	-1
11	131	39	8	55	-1
11	132	39	8	55	-1
11	133	66	55	8	-1
11	134	66	55	8	-1
11	135	68	13	24	-1
11	84	68	13	24	-1
11	137	63	63	104	-1
11	188	63	63	104	-1
11	220	55	43	8	-1
11	251	55	43	8	-1
11	509	10	100	150	-1
11	510	7	70	105	-1
5	158	139	255	222	0
5	158	255	255	231	1
5	159	83	142	212	0
5	159	0	0	0	1
5	159	197	219	255	2
7	372	60	90	148	0
8	372	60	90	148	0
8	372	60	90	148	1
9	372	60	90	148	0
9	372	60	90	148	2
10	372	60	90	148	0
11	372	60	90	148	0