////////////////////////////////////////////////////////////////////////////////////////////////////////////////////////////////////////////////////////////////////////////////////////////////////////////////////////////////////////////////							
//	[Script]	ArcaBattleBootyMix					
//	[ Text  Version ]	1.0.0.3					
//	[ 최종 작업자 ]	설희원					
//	[ 최종 작업일 ]	2011-11-09 17:53 PM					
//	[ 작 업 내 용 ]	본서버 밸런싱					
////////////////////////////////////////////////////////////////////////////////////////////////////////////////////////////////////////////////////////////////////////////////////////////////////////////////////////////////////////////////							
// Arkadin Reward Item Battlefield Spoils Combination (NPC:							
							
//Spoil exchange (combination) script of Arca War battlefield						
0							
//Reward item link number Min Max Basic Probability Increase Probability																	
1	1	10	55	5			
2	11	20	55	5			
3	21	30	55	5			
4	31	40	55	5			
5	41	50	50	5			
6	51	60	50	5			
7	61	70	50	5			
8	71	80	45	5			
9	81	90	45	5			
10	91	100	45	5			
end							
							
//#1 combination reward item link										  
1							
//type index level durability probability											 
13	0	0	0	200000			
13	1	0	0	200000			
13	2	0	0	200000			
14	37	0	0	200000			
14	40	0	0	150000			
12	141	0	0	50000			
end							
							
//#2 combination reward item link										  
2							
//type index level durability probability											 
14	44	0	0	200000			
14	42	0	0	200000			
14	22	0	0	200000			
12	15	0	0	200000			
12	150	0	0	150000			
12	31	0	0	50000			
end							
							
//#3 combination reward item link										  
3							
//type index level durability probability											 
14	13	0	0	200000			
14	14	0	0	250000			
14	16	0	0	200000			
14	31	0	0	250000			
12	151	0	0	50000			
12	30	0	0	50000			
end							
							
//#4 combination reward item link										  
4							
//type index level durability probability											 
13	15	0	0	150000			
13	15	1	0	200000			
13	15	2	0	200000			
13	15	3	0	200000			
13	15	4	0	200000			
12	30	0	0	50000			
end							
							
//#5 combination reward item link										  
5							
//type index level durability probability											 
12	61	0	0	100000		
12	61	1	0	100000		
12	61	2	0	100000		
12	61	3	0	50000		
12	61	4	0	50000		
12	63	0	0	100000		
12	63	1	0	100000		
12	63	2	0	100000		
12	63	3	0	50000		
12	63	4	0	100000		
12	63	5	0	100000		
14	53	0	10	50000			
end							
							
//#6 combination reward item link										  
6							
//type index level durability probability											 
12	30	0	0	100000			
12	31	0	0	150000			
12	141	0	0	150000			
12	137	0	0	150000			
12	136	0	0	150000			
12	138	0	0	150000			
12	140	0	0	150000			
end							
							
7							
12	62	0	0	150000		
12	62	1	0	150000		
12	62	2	0	150000		
12	62	3	0	150000		
12	62	4	0	150000		
12	65	2	0	200000		
14	53	0	10	50000			
end							
							
8							
12	30	1	0	150000			
12	31	1	0	150000			
12	141	1	0	150000			
12	137	1	0	150000			
12	136	1	0	100000			
12	138	1	0	150000			
12	140	1	0	149000			
13	53	0	0	1000			
end							
							
9							
12	60	0	0	150000		
12	60	1	0	150000		
12	60	2	0	150000		
12	60	3	0	150000		
12	60	4	0	100000		
12	60	5	0	100000		
12	64	0	0	50000		
12	64	1	0	50000		
12	64	2	0	50000		
12	64	3	0	50000		
14	53	0	10	45000			
13	53	0	0	5000			
end							
							
10							
12	30	2	0	150000			
12	31	2	0	150000			
12	141	2	0	150000			
12	137	2	0	150000			
12	136	2	0	100000			
12	138	2	0	150000			
12	140	2	0	140000			
13	53	0	0	10000			
end							
end