																								
0																								
1	"Increase Defense"	1																						
2	"Increase defense success rate"	1																						
3	"Increase Basic Defense"	1																						
4	"Damage Reduction"	1																						
5	"Increase Strength"	1																						
6	"Increase Agility"	1																						
7	"Increase Vitality"	1																						
8	"Increase Energy"	1																						
9	"Increase Leadership"	1																						
10	"Max Life Increase"	1																						
11	"Max Mana Increase"	1																						
12	"Maximum AG Increase"	1																						
13	"Maximum SD Increase"	1																						
14	"Excellent Damage Increase"	1																						
15	"Increase Critical Damage"	1																						
16	"Attack Speed Increase"	1																						
17	"Increase skill Damage"	1																						
18	"Increase Elemental Defense"	1																						
19	"Increase Elemental Damage"	1																						
20	"Increase elemental defense success rate"	1																						
21	"Increase the success rate of elemental attacks"	1																							
22	"Minimum Attack/Magic Increase"	1																						
23	"Maximum Attack/Magic Increase"	1																						
24	"Attack Power/Magic Increase"	1																						
25	"Minimum Curse Increase"	1																						
26	"Maximum Curse Increase"	1																						
27	"Add Curse Damage"	1																						
28	"Increase all stats"	1																					
end																								
1																								
1	1	"방어력 증가"		1	18000	2	60000	3	100000	4	150000	5	170000	6	200000	7	150000	8	100000	9	50000	100	2000	0	
2	2	"방어 성공율 증가"	1	18000	2	60000	3	100000	4	150000	5	170000	6	200000	7	150000	8	100000	9	50000	100	2000	0	
3	3	"기본 방어력 증가"	1	18000	2	60000	3	100000	4	150000	5	170000	6	200000	7	150000	8	100000	9	50000	100	2000	0	
4	4	"데미지 감소"		1	18000	2	60000	3	100000	4	150000	5	170000	6	200000	7	150000	8	100000	9	50000	250	2000	0	
5	5	"힘 증가"		1	18000	2	60000	3	100000	4	150000	5	170000	6	200000	7	150000	8	100000	9	50000	250	2000	1	
6	6	"민첩 증가"		1	18000	2	60000	3	100000	4	150000	5	170000	6	200000	7	150000	8	100000	9	50000	250	2000	1	
7	7	"체력 증가"		1	18000	2	60000	3	100000	4	150000	5	170000	6	200000	7	150000	8	100000	9	50000	250	2000	2	
8	8	"에너지 증가"		1	18000	2	60000	3	100000	4	150000	5	170000	6	200000	7	150000	8	100000	9	50000	250	2000	1	
9	9	"통솔 증가"		1	18000	2	60000	3	100000	4	150000	5	170000	6	200000	7	150000	8	100000	9	50000	250	2000	1	
10	10	"최대 생명 증가"	1	18000	2	60000	3	100000	4	150000	5	170000	6	200000	7	150000	8	100000	9	50000	100	2000	3	
11	11	"최대 마나 증가"	1	18000	2	60000	3	100000	4	150000	5	170000	6	200000	7	150000	8	100000	9	50000	100	2000	3	
12	12	"최대 AG 증가"		1	18000	2	60000	3	100000	4	150000	5	170000	6	200000	7	150000	8	100000	9	50000	100	2000	3	
13	13	"최대 SD 증가"		1	18000	2	60000	3	100000	4	150000	5	170000	6	200000	7	150000	8	100000	9	50000	200	2000	4	
14	14	"엑설런트 데미지 증가"	1	18000	2	60000	3	100000	4	150000	5	170000	6	200000	7	150000	8	100000	9	50000	250	2000	5	
15	15	"크리티컬 데미지 증가"	1	18000	2	60000	3	100000	4	150000	5	170000	6	200000	7	150000	8	100000	9	50000	250	2000	5	
16	16	"공격속도 증가"		1	8000	2	330000	3	330000	4	330000	5	2000	-1	-1	-1	-1	-1	-1	-1	-1	-1	-1	12	
17	17	"스킬 공격력 증가"	1	18000	2	60000	3	100000	4	150000	5	170000	6	200000	7	150000	8	100000	9	50000	240	2000	6	
18	18	"속성 방어력 증가"	1	18000	2	60000	3	100000	4	150000	5	170000	6	200000	7	150000	8	100000	9	50000	100	2000	7	
19	19	"속성 공격력 증가"	1	18000	2	60000	3	100000	4	150000	5	170000	6	200000	7	150000	8	100000	9	50000	200	2000	7	
20	20	"속성 방어 성공율 증가"	1	18000	2	60000	3	100000	4	150000	5	170000	6	200000	7	150000	8	100000	9	50000	200	2000	7	
21	21	"속성 공격 성공율 증가"	1	18000	2	60000	3	100000	4	150000	5	170000	6	200000	7	150000	8	100000	9	50000	200	2000	7	
22	22	"최대 공격력/마력 증가"	1	18000	2	60000	3	100000	4	150000	5	170000	6	200000	7	150000	8	100000	9	50000	100	2000	8	
23	23	"최소 공격력/마력 증가"	1	18000	2	60000	3	100000	4	150000	5	170000	6	200000	7	150000	8	100000	9	50000	100	2000	8	
24	24	"공격력/마력 증가"	1	18000	2	60000	3	100000	4	150000	5	170000	6	200000	7	150000	8	100000	9	50000	200	2000	9	
25	25	"최대 저주력 증가"	1	18000	2	60000	3	100000	4	150000	5	170000	6	200000	7	150000	8	100000	9	50000	100	2000	8	
26	26	"최소 저주력 증가"	1	18000	2	60000	3	100000	4	150000	5	170000	6	200000	7	150000	8	100000	9	50000	100	2000	8	
27	27	"저주력 증가"		1	18000	2	60000	3	100000	4	150000	5	170000	6	200000	7	150000	8	100000	9	50000	200	2000	9	
28	28	"모든 스탯 증가"	5000	-1	-1	-1	-1	-1	-1	-1	-1	-1	-1	-1	-1	-1	-1	-1	-1	-1	-1	-1	-1	
29	22	"최대 공격력/마력 증가"	1	18000	2	60000	3	100000	4	150000	5	170000	6	200000	7	150000	8	100000	9	50000	100	2000	10	
30	23	"최소 공격력/마력 증가"	1	18000	2	60000	3	100000	4	150000	5	170000	6	200000	7	150000	8	100000	9	50000	100	2000	10	
31	24	"공격력/마력 증가"	1	18000	2	60000	3	100000	4	150000	5	170000	6	200000	7	150000	8	100000	9	50000	200	2000	11	
32	25	"최대 저주력 증가"	1	18000	2	60000	3	100000	4	150000	5	170000	6	200000	7	150000	8	100000	9	50000	100	2000	10	
33	26	"최소 저주력 증가"	1	18000	2	60000	3	100000	4	150000	5	170000	6	200000	7	150000	8	100000	9	50000	100	2000	10	
34	27	"저주력 증가"		1	18000	2	60000	3	100000	4	150000	5	170000	6	200000	7	150000	8	100000	9	50000	200	2000	11	
end																								
																								
																								
																								
																								
																								
																								
																								
																								
																								
																								
																								
																								
																								
																								
																								
																								
																								
																								
