1	20	"Class"	1	1	1	1	1	1	1	1	1	1	1	1	1	1	1	1	1	1	0	3	""	""	0	""	""	0
2	20	"Level"	1	1	1	1	1	1	1	1	1	1	1	1	1	1	1	1	1	1	1	3	""	""	0	""	""	0
3	20	"Guild"	2	1	1	1	1	1	1	1	1	1	1	1	1	1	1	1	1	1	2	3	""	""	0	""	""	0
4	20	"Server"	3	1	1	1	1	1	1	1	1	1	1	1	1	1	1	1	1	1	3	3	""	""	0	""	""	0
5	20	"Pts Remaining"	4	1	1	1	1	1	1	1	1	1	1	1	1	1	1	1	1	1	4	3	""	""	0	""	""	0
6	20	"Fruit Create"	5	1	1	1	1	1	1	1	1	1	1	1	1	1	1	1	1	1	5	3	""	""	1	"("	"%)"	0
7	20	"Fruit Decrease"	5	1	1	1	1	1	1	1	1	1	1	1	1	1	1	1	1	1	6	3	""	""	1	"("	"%)"	0
8	20	"Strength"	6	1	1	1	1	1	1	1	1	1	1	1	1	1	1	1	1	2	0	3	""	""	1	"(+"	")"	1
9	12	"* (S) ATK Power"	7	0	1	0	1	1	0	1	1	0	0	0	0	0	0	0	1	2	1	12	""	""	12	""	""	0
10	20	"* ATK Power"	10	1	1	1	1	1	1	1	1	1	1	1	1	1	1	1	1	2	2	3	""	""	3	"(+"	")"	0
11	20	"* ATK Rate"	10	1	1	1	1	1	1	1	1	1	1	1	1	1	1	1	1	2	4	3	""	""	3	"(+"	")"	0
12	20	"* PvP ATK Rate"	10	1	1	1	1	1	1	1	1	1	1	1	1	1	1	1	1	2	5	3	""	""	3	"(+"	")"	0
13	20	"Agility"	6	1	1	1	1	1	1	1	1	1	1	1	1	1	1	1	1	2	7	3	""	""	1	"(+"	")"	1
14	12	"* (S) ATK Power"	7	0	0	1	0	0	0	0	0	0	1	0	0	0	1	0	0	2	7	12	""	""	12	""	""	0
15	12	"* (S) DEF"	7	0	1	0	0	1	0	0	1	0	0	0	0	0	1	0	1	2	9	12	""	""	0	""	""	0
16	12	"* (S) DEF Rate"	7	0	0	1	0	0	0	0	0	0	1	0	0	1	0	0	0	2	9	12	""	""	0	""	""	0
17	12	"* (S) PvP DEF Rate"	7	0	0	1	0	0	0	0	0	0	0	0	0	1	0	0	0	2	10	12	""	""	0	""	""	0
18	12	"* (S) ATK Rate"	7	1	0	0	0	0	0	0	0	1	0	1	1	0	0	1	1	2	11	12	""	""	0	""	""	0
19	12	"* (S) PvP ATK Rate"	7	1	0	0	0	0	0	0	0	1	0	1	1	0	0	1	0	2	12	12	""	""	0	""	""	0
20	20	"* DEF"	10	1	1	1	1	1	1	1	1	1	1	1	1	1	1	1	1	2	14	3	""	""	0	""	""	0
21	20	"* ATK Speed"	10	1	1	1	1	1	1	1	1	1	1	1	1	1	1	1	1	2	18	3	""	""	0	""	""	0
22	20	"* DEF Rate"	10	1	1	1	1	1	1	1	1	1	1	1	1	1	1	1	1	2	19	3	""	""	3	"(+"	")"	0
23	20	"* PvP DEF Rate"	10	1	1	1	1	1	1	1	1	1	1	1	1	1	1	1	1	2	20	3	""	""	3	"(+"	")"	0
24	20	"Stamina"	6	1	1	1	1	1	1	1	1	1	1	1	1	1	1	1	1	2	22	3	""	""	1	"(+"	")"	1
25	12	"* (S) HP"	7	0	0	0	0	0	0	0	0	0	0	0	0	0	0	0	0	2	21	12	""	""	0	""	""	0
26	20	"* HP"	10	0	0	0	0	0	0	0	0	0	0	0	0	0	0	0	0	2	22	3	""	""	0	""	""	0
27	20	"* SD"	10	0	0	0	0	0	0	0	0	0	0	0	0	0	0	0	0	2	23	3	""	""	0	""	""	0
28	20	"* Melee ATK Power(%)"	10	0	0	0	0	0	0	1	0	0	0	0	0	0	0	0	0	2	25	3	""	"%"	0	""	""	0
29	20	"Energy"	6	1	1	1	1	1	1	1	1	1	1	1	1	1	1	1	1	2	26	3	""	""	1	"(+"	")"	1
30	12	"* (S) Magic DMG"	7	1	0	0	1	0	1	0	0	1	0	1	1	1	0	1	0	2	27	12	""	""	12	""	""	0
31	12	"* (S) Curse"	7	0	0	0	0	0	1	0	0	0	0	0	0	0	0	0	0	2	28	12	""	""	12	""	""	0
32	20	"* Magic DMG"	10	1	0	0	1	0	1	0	0	1	0	1	1	1	0	1	0	2	29	3	""	""	3	"(+"	")"	0
33	20	"* Curse"	10	0	0	0	0	0	1	0	0	0	0	0	0	0	0	0	0	2	30	3	""	""	3	"(+"	")"	0
34	20	"* Mana"	10	0	0	0	0	0	0	0	0	0	0	0	0	0	0	0	0	2	31	3	""	""	0	""	""	0
35	20	"* AG"	10	0	0	0	0	0	0	0	0	0	0	0	0	0	0	0	0	2	32	3	""	""	0	""	""	0
36	20	"* Skill ATK (%)"	10	0	1	0	0	1	0	0	0	0	1	0	0	0	0	0	0	2	33	3	""	"%"	0	""	""	0
37	20	"* Skill ATK (%)"	10	0	0	0	0	0	0	0	0	0	0	0	0	0	0	0	0	2	34	3	""	"%"	0	""	""	0
38	20	"* Div ATK (%)"	10	0	0	0	0	0	0	1	0	0	0	0	0	0	0	0	0	2	36	3	""	"%"	0	""	""	0
39	20	"* AOE ATK (%)"	10	0	0	0	0	0	0	1	0	0	0	0	0	0	0	0	0	2	37	3	""	"%"	0	""	""	0
40	20	"* Ret ATK (%)"	10	0	0	0	0	0	0	0	1	0	0	0	0	0	0	0	0	2	37	3	""	"%"	0	""	""	0
41	20	"* Rage ATK (%)"	10	0	0	0	0	0	0	0	1	0	0	0	0	0	0	0	0	2	38	3	""	"%"	0	""	""	0
124	20	"* Magic ATK (%)"	10	0	0	0	0	0	0	0	0	1	0	1	1	1	0	1	0	2	40	3	""	"%"	0	""	""	0
125	20	"* Combat Pwr (%)"	10	0	1	0	0	0	0	0	0	0	0	0	0	0	0	0	1	2	6	3	""	"%"	0	""	""	0
126	20	"* Combat Pwr (%)"	10	0	0	0	1	0	0	0	0	0	0	0	0	0	0	0	0	2	6	3	""	"%"	0	""	""	0
127	20	"* Combat Pwr (%))"	10	0	0	0	0	0	0	1	0	0	0	0	0	0	0	0	0	2	21	3	""	"%"	0	""	""	0
128	20	"* Combat Pwr (%)"	10	0	0	0	0	0	0	0	0	0	1	0	0	0	0	0	0	2	21	3	""	"%"	0	""	""	0
129	20	"* Combat Pwr (%)"	10	0	0	0	0	0	0	0	1	0	0	0	0	0	0	0	0	2	6	3	""	"%"	0	""	""	0
42	20	"Command"	6	0	0	0	0	1	0	0	0	0	0	0	0	0	0	0	0	2	39	3	""	""	1	"(+"	")"	1
155	20	"* Battle Pwr (%)"	10	0	0	0	0	1	0	0	0	0	0	0	0	0	0	0	0	2	40	3	""	"%"	0	""	""	0
156	20	"* Divine Pwr (%)"	10	0	0	0	0	0	0	0	0	0	0	0	0	0	0	0	1	2	28	3	""	"%"	0	""	""	0
157	20	"* Gale Atk Pwr (%)"	10	0	0	1	0	0	0	0	0	0	0	0	0	0	0	0	0	2	39	3	""	"%"	0	""	""	0
158	20	"* Combat Pwr (%)"	10	0	0	1	0	0	0	0	0	0	0	0	0	0	0	0	0	2	21	3	""	"%"	0	""	""	0
159	20	"* Magic Pwr (%)"	10	0	0	0	1	0	0	0	0	0	0	0	0	0	0	0	0	2	33	3	""	"%"	0	""	""	0
160	20	"* Combat Pwr (%)"	10	0	0	0	0	0	0	0	0	0	0	0	0	0	1	0	0	2	21	3	""	"%"	0	""	""	0
161	20	"* Phantom Atk Pwr (%)"	10	0	0	0	0	0	0	0	0	0	0	0	0	0	1	0	0	2	33	3	""	"%"	0	""	""	0
162	20	"* Chaos Atk Pwr (%)"	10	0	0	0	1	0	0	0	0	0	0	0	0	0	0	0	0	2	34	3	""	"%"	0	""	""	0
43	20	"* Critical DMG Rate"	9	1	1	1	1	1	1	1	1	1	1	1	1	1	1	1	1	3	0	3	""	"%"	0	""	""	0
44	20	"* Critical DMG inc"	9	1	1	1	1	1	1	1	1	1	1	1	1	1	1	1	1	3	7	3	"+"	""	0	""	""	0
45	20	"* Excellent DMG Rate"	9	1	1	1	1	1	1	1	1	1	1	1	1	1	1	1	1	3	1	3	""	"%"	0	""	""	0
46	20	"* Excellent DMG inc"	9	1	1	1	1	1	1	1	1	1	1	1	1	1	1	1	1	3	8	3	"+"	""	0	""	""	0
47	20	"* Skill ATK DMG inc"	9	1	1	1	1	1	1	1	1	1	1	1	1	1	1	1	1	3	6	3	"+"	""	0	""	""	0
48	20	"* Double DMG Rate"	9	1	1	1	1	1	1	1	1	1	1	1	1	1	1	1	1	3	2	3	""	"%"	0	""	""	0
49	20	"* DEF Ignore Rate"	9	1	1	1	1	1	1	1	1	1	1	1	1	1	1	1	1	3	4	3	""	"%"	0	""	""	0
50	20	"* AG Use Red. Rate"	9	1	1	1	1	1	1	1	1	1	1	1	1	1	1	1	1	3	25	3	""	"%"	0	""	""	0
51	20	"* DMG Red. Rate"	9	1	1	1	1	1	1	1	1	1	1	1	1	1	1	1	1	3	11	3	""	"%"	0	""	""	0
52	20	"* DMG Reflect Rate"	9	1	1	1	1	1	1	1	1	1	1	1	1	1	1	1	1	3	13	3	""	"%"	0	""	""	0
53	20	"* Mob ATK HP Recovery"	9	1	1	1	1	1	1	1	1	1	1	1	1	1	1	1	1	3	17	3	""	""	0	""	""	0
54	20	"* Mob ATK MP Recovery"	9	1	1	1	1	1	1	1	1	1	1	1	1	1	1	1	1	3	21	3	""	""	0	""	""	0
55	20	"* Mob ATK SD Recovery"	9	1	1	1	1	1	1	1	1	1	1	1	1	1	1	1	1	3	27	3	""	""	0	""	""	0
56	20	"* HP Recovery Rate"	9	1	1	1	1	1	1	1	1	1	1	1	1	1	1	1	1	3	16	3	""	""	0	""	""	0
57	20	"* MP Recovery Rate"	9	1	1	1	1	1	1	1	1	1	1	1	1	1	1	1	1	3	20	3	""	""	0	""	""	0
58	20	"* SD(%) when attacked"	9	1	1	1	1	1	1	1	1	1	1	1	1	1	1	1	1	3	30	3	""	"%"	0	""	""	0
59	20	"* SD Ignore Rate"	9	1	1	1	1	1	1	1	1	1	1	1	1	1	1	1	1	3	32	3	""	"%"	0	""	""	0
60	20	"* SD Recovery Rate"	9	1	1	1	1	1	1	1	1	1	1	1	1	1	1	1	1	3	26	3	""	""	0	""	""	0
61	20	"* AG Recovery Rate"	9	1	1	1	1	1	1	1	1	1	1	1	1	1	1	1	1	3	24	3	""	""	0	""	""	0
62	20	"* Stun Rate"	9	1	1	1	1	1	1	1	1	1	1	1	1	1	1	1	1	3	33	3	""	"%"	0	""	""	0
63	20	"* Stun Resistance Rate"	9	1	1	1	1	1	1	1	1	1	1	1	1	1	1	1	1	3	34	3	""	"%"	0	""	""	0
64	20	"* Restore all MP Rate"	9	1	1	1	1	1	1	1	1	1	1	1	1	1	1	1	1	3	22	3	""	"%"	0	""	""	0
65	20	"* Restore all HP Rate"	9	1	1	1	1	1	1	1	1	1	1	1	1	1	1	1	1	3	18	3	""	"%"	0	""	""	0
66	20	"* Restore all SD Rate"	9	1	1	1	1	1	1	1	1	1	1	1	1	1	1	1	1	3	28	3	""	"%"	0	""	""	0
67	20	"* Triple DMG Rate"	9	1	1	1	1	1	1	1	1	1	1	1	1	1	1	1	1	3	3	3	""	"%"	0	""	""	0
68	20	"* DMG Absorption Rate"	9	1	1	1	1	1	1	1	1	1	1	1	1	1	1	1	1	3	14	3	""	"%"	0	""	""	0
69	20	"* Shield Block Rate"	9	1	1	1	1	1	0	0	1	1	1	1	1	1	1	1	1	3	37	3	""	"%"	0	""	""	0
70	20	"* Weapon Block Rate"	9	0	1	0	1	0	0	0	0	0	1	0	0	0	1	0	1	3	38	3	""	"%"	0	""	""	0
71	20	"* Shield Absorb"	9	1	1	1	1	1	0	0	1	1	1	1	1	1	1	1	1	3	36	3	""	""	0	""	""	0
72	20	"* Basic DEF"	9	1	1	1	1	1	1	1	1	1	1	1	1	1	1	1	1	3	35	3	""	""	0	""	""	0
73	20	"* HP Absorption"	9	1	1	1	1	1	1	1	1	1	1	1	1	1	1	1	1	3	19	3	""	""	0	""	""	0
74	20	"* SD Absorption"	9	1	1	1	1	1	1	1	1	1	1	1	1	1	1	1	1	3	29	3	""	""	0	""	""	0
75	20	"* Return DMG Rate"	9	1	1	1	1	1	1	1	1	1	1	1	1	1	1	1	1	3	5	3	""	"%"	0	""	""	0
76	20	"* SD % when ATK"	9	1	1	1	1	1	1	1	1	1	1	1	1	1	1	1	1	3	31	3	""	"%"	0	""	""	0
77	20	"* DMG Inc. Rate"	9	1	1	1	1	1	1	1	1	1	1	1	1	1	1	1	1	3	9	3	""	"%"	0	""	""	0
78	20	"* MP Use Red Rate"	9	1	1	1	1	1	1	1	1	1	1	1	1	1	1	1	1	3	23	3	""	"%"	0	""	""	0
79	20	"* Zen obtain increase Rat"	9	1	1	1	1	1	1	1	1	1	1	1	1	1	1	1	1	3	39	3	""	"%"	0	""	""	0
117	20	"* DMG Reduction"	9	1	1	1	1	1	1	1	1	1	1	1	1	1	1	1	1	3	12	3	""	""	0	""	""	0
131	20	"* Damage correction"	9	1	1	1	1	1	1	1	1	1	1	1	1	1	1	1	1	3	15	3	""	""	0	""	""	0
133	6	"* Nuk attack power increase"	9	1	1	1	1	1	1	1	1	1	1	1	1	1	1	1	1	3	41	3	""	""	0	""	""	0
134	6	"* Nuke Critical Damage Probability"	9	1	1	1	1	1	1	1	1	1	1	1	1	1	1	1	1	3	42	3	""	"%"	0	""	""	0
135	6	"* Nuke Excellent Damage Probability"	9	1	1	1	1	1	1	1	1	1	1	1	1	1	1	1	1	3	43	3	""	"%"	0	""	""	0
136	6	"* Nuke double damage probability"	9	1	1	1	1	1	1	1	1	1	1	1	1	1	1	1	1	3	44	3	""	"%"	0	""	""	0
137	6	"* Nuke triple damage probability"	9	1	1	1	1	1	1	1	1	1	1	1	1	1	1	1	1	3	45	3	""	"%"	0	""	""	0
139	6	"* Bolt attack power increase"	9	1	1	1	1	1	1	1	1	1	1	1	1	1	1	1	1	3	47	3	""	""	0	""	""	0
140	6	"* Bolt critical damage probability"	9	1	1	1	1	1	1	1	1	1	1	1	1	1	1	1	1	3	48	3	""	"%"	0	""	""	0
141	6	"* Bolt Excellent Damage Probability"	9	1	1	1	1	1	1	1	1	1	1	1	1	1	1	1	1	3	49	3	""	"%"	0	""	""	0
142	6	"* Bolt double damage probability"	9	1	1	1	1	1	1	1	1	1	1	1	1	1	1	1	1	3	50	3	""	"%"	0	""	""	0
143	6	"* Bolt triple damage probability"	9	1	1	1	1	1	1	1	1	1	1	1	1	1	1	1	1	3	51	3	""	"%"	0	""	""	0
145	6	"* Increased area attack power"	9	1	1	1	1	1	1	1	1	1	1	1	1	1	1	1	1	3	53	3	""	""	0	""	""	0
146	6	"* Wide area critical damage probability"	9	1	1	1	1	1	1	1	1	1	1	1	1	1	1	1	1	3	54	3	""	"%"	0	""	""	0
147	6	"* Wide area excellent damage probability"	9	1	1	1	1	1	1	1	1	1	1	1	1	1	1	1	1	3	55	3	""	"%"	0	""	""	0
148	6	"* Wide area double damage probability"	9	1	1	1	1	1	1	1	1	1	1	1	1	1	1	1	1	3	56	3	""	"%"	0	""	""	0
149	6	"* Wide area triple damage probability"	9	1	1	1	1	1	1	1	1	1	1	1	1	1	1	1	1	3	57	3	""	"%"	0	""	""	0
150	6	"* Nuke, Bolt, wide area defense"	9	1	1	1	1	1	1	1	1	1	1	1	1	1	1	1	1	3	58	3	""	""	0	""	""	0
152	6	"* Nuke, Bolt, area reduction amount"	9	1	1	1	1	1	1	1	1	1	1	1	1	1	1	1	1	3	60	3	""	""	0	""	""	0
80	20	"Elemental ATK"	11	1	1	1	1	1	1	1	1	1	1	1	1	1	1	1	1	4	0	3	""	""	3	""	""	0
81	20	"PvP Elemental ATK"	11	1	1	1	1	1	1	1	1	1	1	1	1	1	1	1	1	4	1	3	""	""	3	""	""	0
82	20	"ATK Rate (PvP)"	11	1	1	1	1	1	1	1	1	1	1	1	1	1	1	1	1	4	2	3	""	""	3	"("	")"	0
83	20	"DEF (PvP)"	11	1	1	1	1	1	1	1	1	1	1	1	1	1	1	1	1	4	3	3	""	""	3	"("	")"	0
84	20	"DEF Rate (PvP)"	11	1	1	1	1	1	1	1	1	1	1	1	1	1	1	1	1	4	4	3	""	""	3	"("	")"	0
85	20	"Elemental Imprint"	11	1	1	1	1	1	1	1	1	1	1	1	1	1	1	1	1	4	5	3	""	""	0	""	""	0
86	20	"Critical Elemental DMG Rate"	12	1	1	1	1	1	1	1	1	1	1	1	1	1	1	1	1	5	0	3	""	"%"	0	""	""	0
87	20	"Increase DMG (PvE)"	12	1	0	0	0	0	0	0	0	1	0	1	1	1	0	1	0	0	12	3	""	"%"	0	""	""	0
88	20	"Increase DMG (PvP)"	12	1	0	0	0	0	0	0	0	1	0	1	1	1	0	1	0	0	13	3	""	"%"	0	""	""	0
89	20	"Absorb DMG (PvE)"	12	1	0	0	0	0	0	0	0	1	0	1	1	1	0	1	0	0	14	3	""	"%"	0	""	""	0
90	20	"Absorb DMG (PvP)"	12	1	0	0	0	0	0	0	0	1	0	1	1	1	0	1	0	0	15	3	""	"%"	0	""	""	0
91	20	"Absorb Shield"	12	1	1	1	1	1	1	1	1	1	1	1	1	1	1	1	1	5	5	3	""	"%"	0	""	""	0
92	20	"Absorb HP"	12	1	1	1	1	1	1	1	1	1	1	1	1	1	1	1	1	5	6	3	""	"%"	0	""	""	0
93	20	"Bleeding (DMG)"	12	1	1	1	1	1	1	1	1	1	1	1	1	1	1	1	1	5	7	3	""	""	0	""	""	0
94	20	"Paralyzing (Sec)"	12	1	1	1	1	1	1	1	1	1	1	1	1	1	1	1	1	5	8	3	""	""	0	""	""	0
95	20	"Bind (Sec))"	12	1	1	1	1	1	1	1	1	1	1	1	1	1	1	1	1	5	9	3	""	""	0	""	""	0
96	20	"Punish (Add DMG)"	12	1	1	1	1	1	1	1	1	1	1	1	1	1	1	1	1	5	10	3	""	"%"	0	""	""	0
97	20	"Blind (Red ATK)"	12	1	1	1	1	1	1	1	1	1	1	1	1	1	1	1	1	5	11	3	""	"%"	0	""	""	0
98	20	"Powerful Elemental DMG Perfect Dodge Rate"	12	1	1	1	1	1	1	1	1	1	1	1	1	1	1	1	1	5	1	3	""	"%"	0	""	""	0
99	20	"Elemental DMG Perfect Dodge Rate"	12	1	1	1	1	1	1	1	1	1	1	1	1	1	1	1	1	5	2	3	""	"%"	0	""	""	0
115	20	"Increase Elemental DMG"	12	1	1	1	1	1	1	1	1	1	1	1	1	1	1	1	1	5	3	3	""	""	0	""	""	0
116	20	"Increase Elemental DEF"	12	1	1	1	1	1	1	1	1	1	1	1	1	1	1	1	1	5	4	3	""	""	0	""	""	0
100	3	"Very Strong Element (Min)"	13	1	1	1	1	1	1	1	1	1	1	1	1	1	1	1	1	6	0	3	""	""	3	""	""	0
101	3	"Very Strong Element (Max)"	13	1	1	1	1	1	1	1	1	1	1	1	1	1	1	1	1	6	1	3	""	""	3	""	""	0
102	3	"Strong Element (Min)"	13	1	1	1	1	1	1	1	1	1	1	1	1	1	1	1	1	6	2	3	""	""	3	""	""	0
103	3	"Strong Element (Max)"	13	1	1	1	1	1	1	1	1	1	1	1	1	1	1	1	1	6	3	3	""	""	3	""	""	0
104	3	"Same Element (Min)"	13	1	1	1	1	1	1	1	1	1	1	1	1	1	1	1	1	6	4	3	""	""	3	""	""	0
105	3	"Same Element (Max)"	13	1	1	1	1	1	1	1	1	1	1	1	1	1	1	1	1	6	5	3	""	""	3	""	""	0
106	3	"Weak Element (Min)"	13	1	1	1	1	1	1	1	1	1	1	1	1	1	1	1	1	6	6	3	""	""	3	""	""	0
107	3	"Weak Element (Max)"	13	1	1	1	1	1	1	1	1	1	1	1	1	1	1	1	1	6	7	3	""	""	3	""	""	0
108	3	"Very Weak Element (Min))"	13	1	1	1	1	1	1	1	1	1	1	1	1	1	1	1	1	6	8	3	""	""	3	""	""	0
109	3	"Very Weak Element (Max)"	13	1	1	1	1	1	1	1	1	1	1	1	1	1	1	1	1	6	9	3	""	""	3	""	""	0
110	3	"Very Strong Element"	14	1	1	1	1	1	1	1	1	1	1	1	1	1	1	1	1	7	0	3	""	""	3	""	""	0
111	3	"Strong Element"	14	1	1	1	1	1	1	1	1	1	1	1	1	1	1	1	1	7	1	3	""	""	3	""	""	0
112	3	"Same Element"	14	1	1	1	1	1	1	1	1	1	1	1	1	1	1	1	1	7	2	3	""	""	3	""	""	0
113	3	"Weak Element"	14	1	1	1	1	1	1	1	1	1	1	1	1	1	1	1	1	7	3	3	""	""	3	""	""	0
114	3	"Very Weak Element"	14	1	1	1	1	1	1	1	1	1	1	1	1	1	1	1	1	7	4	3	""	""	3	""	""	0
end																												
