//================================================================//
//VarkaMu Helper : EventMapSearchInfo.txt
//
//6079	"Varkamu Helper" text(kor).txt
//6104	"Can run/stop Varka dedicated mu helper." text(kor).txt
//================================================================//
0																										
0	6079	6104	8	1	1		
1	6079	6104	8	1	1		
2	6079	6104	8	1	1		
3	6079	6104	8	1	1		
4	6079	6104	8	1	1		
5	6079	6104	8	1	1		
6	6079	6104	8	1	1		
7	6079	6104	8	1	1		
8	6079	6104	8	1	1		
9	6079	6104	8	1	1		
10	6079	6104	8	1	1		
11	6079	6104	8	1	1		
12	6079	6104	8	1	1		
end																										
																										
																										
//ID	MapID	X	Y	?	?																										
1																										
0	69	231	18	1	3			
0	69	234	25	1	2			
0	69	234	37	1	1			
0	69	232	41	1	2			
0	69	241	41	1	2																					
0	69	223	42	1	4																					
0	69	234	53	1	2			
0	69	218	81	1	2			
0	69	210	80	0	1			
1	69	203	25	1	3			
1	69	197	25	1	2			
1	69	177	25	1	1			
1	69	183	26	1	2			
1	69	179	33	1	2																					
1	69	179	18	1	4																					
1	69	168	25	1	2			
1	69	155	51	1	2			
1	69	154	60	0	1			
2	69	180	68	1	3			
2	69	180	77	1	2			
2	69	181	90	1	1			
2	69	181	95	1	4			
2	69	182	92	1	1			
3	70	85	65	1	3			
3	70	78	67	1	2			
3	70	63	67	1	1			
3	70	58	62	1	2			
3	70	62	56	1	2																					
3	70	68	63	1	4																					
3	70	52	67	1	2			
3	70	23	64	1	2			
3	70	11	65	0	1			
4	70	37	84	1	3			
4	70	38	90	1	2			
4	70	38	100	1	1			
4	70	38	105	1	2			
4	70	47	104	1	2																					
4	70	30	105	1	4																					
4	70	41	114	1	2			
4	70	55	151	1	2			
4	70	55	161	0	1			
5	70	120	111	1	3			
5	70	110	111	1	2			
5	70	100	110	1	1			
5	70	94	109	1	4			
5	70	95	112	0	1			
6	71	155	187	1	3																					
6	71	149	191	1	2																					
6	71	132	194	1	1			
6	71	130	192	1	2			
6	71	138	199	1	2			
6	71	141	190	1	4																					
6	71	121	193	1	2																					
6	71	92	196	1	2																					
6	71	83	195	0	1																					
7	71	222	125	1	3																					
7	71	222	131	1	2																					
7	71	223	146	1	1			
7	71	223	149	1	2			
7	71	230	146	1	2																					
7	71	215	147	1	4																					
7	71	223	157	1	2																					
7	71	222	191	1	2																					
7	71	223	202	0	1																					
8	71	166	207	1	3																					
8	71	166	216	1	2																					
8	71	168	224	1	1			
8	71	168	230	1	4			
8	71	168	231	0	1																					
9	72	92	67	1	3																					
9	72	83	69	1	2																					
9	72	69	68	1	1			
9	72	62	67	1	4			
9	72	54	69	1	2																					
9	72	33	87	1	2																					
9	72	30	96	0	1																					
10	72	33	165	1	3																					
10	72	34	173	1	2																					
10	72	31	190	1	1			
10	72	37	188	1	4			
10	72	50	191	1	2																					
10	72	68	168	1	2																					
10	72	69	162	0	1																					
11	72	148	154	1	3																					
11	72	152	134	1	2																					
11	72	175	132	1	1			
11	72	180	132	1	4			
11	72	195	133	1	2																					
11	72	225	157	1	2																					
11	72	225	165	0	1																					
12	72	236	24	1	3																					
12	72	216	24	1	2																					
12	72	193	25	1	1			
12	72	187	24	1	4			
12	72	188	24	1	1																					
end																										
