										
0										
1700	975
end		
										
1	
0	50	199	50	199	
1	200	299	200	299	
2	300	339	300	339	
3	340	379	340	379	
4	380	399	380	399	
5	400	799	400	799	
6	800	1900	800	1900	
end										
2	
0	50	199	
1	200	299	
2	300	339	
3	340	379	
4	380	399	
5	400	799	
6	800	1900	
7	-1	-1	
end										
3	
0	50	199	58	
1	200	299	59	
2	300	339	60	
3	340	379	61	
4	380	399	111	
5	400	799	112	
6	800	1900	270	
end										
4	
0	50	199	50	199	
1	200	299	200	299	
2	300	339	300	339	
3	340	379	340	379	
4	380	399	380	399	
5	400	799	400	799	
6	800	1900	800	1900	
end										
5	
0	180	
1	300	
2	350	
3	400	
4	800	
end										
