								
0								
0	1	13	29	-1	6623	6614	6624	-1			//CHAOS CASTLE
1	1	13	18	-1	6623	13000	13001	13002	    //BLOOD CASTLE
2	1	14	19	-1	6623	13000	13001	13002	    //DEVIL SQUARE
3	1	14	111	-1	6623	-1		-1		-1	        //DOPPELGANGER
4	1	13	51	-1	6623	6625	-1		-1	    	//ILLUSION TEMPLE
5	1	20	108	-1	6626	6627	-1		-1	    	//GAION
6	1	14	430	-1	6630	-1		-1		-1	        //MAZE OF DIMENSION
7	1	20	109	-1	6628	6629	-1		-1	    	//BOSS BATTLE
end								
								
1								
0	1	14	28	7	6612	6613	-1		-1		400	        //KUNDUN
1	1	-1	-1	-1	6614	6613	6615	-1		400	    	//MEDUSA
2	1	13	38	-1	6612	2081	-1		-1		400	        //NIGHTMARE
3	1	-1	-1	-1	6612	6616	-1		-1		400	        //SELUPAN
4	1	-1	-1	-1	6616	6617	-1		-1		600	        //LORD SILVESTER
5	1	-1	-1	-1	6618	6619	6620	6621	700			//Core MAGRIFF
6	1	-1	-1	-1	6618	6622	-1		-1		800	        //LORD FEREA
7	1	14	390	-1	6618	6622	-1		-1		800	        //NIX
8	1	-1	-1	-1	6618	6622	6230	-1		900	    	//GOD OF DARKNESS
end								
								
2								
0	1	-1	-1	-1	-1	-1	-1	-1	//CASTLE SIEGE
1	1	-1	-1	-1	-1	-1	-1	-1	//ARKA WAR
2	1	-1	-1	-1	-1	-1	-1	-1	//CRYWOLF
end								
