0	76	1025	3	4	5	6	0	0	0	0	0	0
1	76	1026	1	1	1	2	0	0	0	0	0	0
2	76	1027	3	4	5	6	0	0	0	0	0	0
3	76	1028	3	4	5	6	0	0	0	0	0	0
4	76	1029	5	7	9	50	0	0	0	0	0	0
5	76	1030	3	4	5	6	0	0	0	0	0	0
6	76	1031	3	4	5	6	0	0	0	0	0	0
7	76	1032	10	25	40	100	0	0	0	0	0	0
8	76	1033	10	25	40	100	0	0	0	0	0	0
9	76	1034	10	25	40	100	0	0	0	0	0	0
10	76	1035	10	25	40	100	0	0	0	0	0	0

0	106	1025	10	0	0	0	0	0	0	0	0	0	
1	106	1026	3	0	0	0	0	0	0	0	0	0	
2	106	1027	10	0	0	0	0	0	0	0	0	0	
3	106	1028	10	0	0	0	0	0	0	0	0	0	
4	106	1029	100	0	0	0	0	0	0	0	0	0	
5	106	1030	10	0	0	0	0	0	0	0	0	0	
6	106	1031	10	0	0	0	0	0	0	0	0	0	
7	106	1032	200	0	0	0	0	0	0	0	0	0	
8	106	1033	200	0	0	0	0	0	0	0	0	0	
9	106	1034	200	0	0	0	0	0	0	0	0	0	
10	106	1035	200	0	0	0	0	0	0	0	0	0	
end														
