0								
0	"Increases Elemental DMG + %d"						
1	"Increases Elemental Defense + %d"						
2	"(Up to Lv. %d)Increases Defense by %0.1f for every 20 Levels"						
3	"(Up to Lv. %d)Increases Attack/Wizardry/Curse by %0.1f for every 20 Levels"						
4	"3%% chance to Recover %d HP on every successful attack"							
end								
1								
1	0	0	0	-1				
1	1	1	0	-1				
1	2	2	0	1100				
1	3	3	0	1100				
1	4	4	0	-1				
2	0	10	0	-1				
2	1	11	0	-1				
2	2	12	0	1100				
2	3	13	0	1100				
2	4	14	0	-1				
3	0	20	0	-1				
3	1	21	0	-1				
3	2	22	0	1100				
3	3	23	0	1100				
3	4	24	0	-1				
4	0	31	0	-1			
4	1	32	0	-1			
4	2	33	0	1100			
4	3	34	0	1100			
4	4	35	0	-1		
5	0	41	0	-1			
5	1	42	0	-1			
5	2	43	0	1100			
5	3	44	0	1100			
5	4	45	0	-1
6	0	51	0	-1			
6	1	52	0	-1			
6	2	53	0	1100			
6	3	54	0	1100			
6	4	55	0	-1		
7	0	61	0	-1			
7	1	62	0	-1			
7	2	63	0	1100			
7	3	64	0	1100			
7	4	65	0	-1			
8	0	71	0	-1			
8	1	72	0	-1			
8	2	73	0	1100			
8	3	74	0	1100			
8	4	75	0	-1			
end								
2								
0	"Bleeding DMG Resistance +%d"						
1	"Poisoning DMG Resistance +%d"						
2	"Decrease Attack Resistance +%d"						
3	"Decrease Attack Speed Resistance +%d"						
4	"Decrease Defense Resistance +%d"								
end								
3								
1	0	0	5	0	2	7	0	
1	1	1	6	0	2	7	0	
1	2	0	5	0	3	8	0	
1	3	1	6	0	4	9	0	
1	4	0	5	0	4	9	0	
2	0	0	15	0	2	17	0	
2	1	1	16	0	2	17	0	
2	2	0	15	0	3	18	0	
2	3	1	16	0	4	19	0	
2	4	0	15	0	4	19	0	
3	0	0	25	0	2	27	0	
3	1	1	26	0	2	27	0	
3	2	0	25	0	3	28	0	
3	3	1	26	0	4	29	0	
3	4	0	25	0	4	29	0
4	0	0	36	0	2	38	0
4	1	1	37	0	2	38	0
4	2	0	36	0	3	39	0
4	3	1	37	0	4	40	0
4	4	0	36	0	4	40	0	
5	0	0	46	0	2	48	0
5	1	1	47	0	2	48	0
5	2	0	46	0	3	49	0
5	3	1	47	0	4	50	0
5	4	0	46	0	4	50	0
6	0	0	56	0	2	58	0
6	1	1	57	0	2	58	0
6	2	0	56	0	3	59	0
6	3	1	57	0	4	60	0
6	4	0	56	0	4	60	0
7	0	0	66	0	2	68	0
7	1	1	67	0	2	68	0
7	2	0	66	0	3	69	0
7	3	1	67	0	4	70	0
7	4	0	66	0	4	70	0
8	0	0	76	0	2	78	0
8	1	1	77	0	2	78	0
8	2	0	76	0	3	79	0
8	3	1	77	0	4	80	0
8	4	0	76	0	4	80	0
end	 							
