			
0	"[Dark Knight]"
0					
14	13	2	1
14	14	1	1	
end					
1					
0	12	5
1	0	20
2	8	21
3	0	16
4	0	17
5	6	12
6	8	17
end					
end					
1	"[Dark Wizard]"				
0					
14	13	2	1
14	14	1	1	
end					
1					
0	12	4
1	5	11
2	8	22
3	8	18
4	5	9
5	6	14
6	5	13

end					
end					
2	"[Fairy Elf]"				
0					
14	13	2	1
14	14	1	1	
end					
1					
0	12	3
1	4	22
2	8	24
3	8	19
4	4	17
5	6	16
6	4	20
7	4	32
8	8	19
end					
end
3	"[Magic Gladiator]"
0					
14	13	2	1
14	14	1	1	
end					
1					
0	12	6
1	0	25
2	8	23
3	0	31
4	0	18
5	0	21
6	8	20
end					
end					
4	"[Dark Lord]"				
0					
14	13	2	1
14	14	1	1
end					
1					
0	13	30
1	2	12
2	8	28
3	2	11
4	2	15
5	6	15
6	8	38
end					
end					
5	"[Summoner]"				
0					
14	13	2	1
14	14	1	1	
end					
1					
0	12	42
1	5	18
2	8	42
3	5	21
4	5	22
5	5	17
6	8	41

end					
end					
6	"[Rage Fighter]"				
0					
14	13	2	1
14	14	1	1	
end					
1					
0	12	49
1	0	34
2	8	61
3	0	32
4	0	33
5	8	60
6	16	13

end					
end					
7	"[Grow Lancer]"				
0					
14	13	2	1
14	14	1	1	
end					
1					
0	12	269
1	3	18
2	8	95
3	6	31
4	6	13
5	6	29
6	3	14
7	8	93

end					
end					
8	"[Rune Wizard]"				
0					
14	13	2	1
14	14	1	1	
end					
1					
0	12	4
1	2	28
2	8	118
3	6	16
4	12	4
5	2	28
end
end					
9	"[Slayer]"				
0					
14	13	2	1
14	14	1	1	
end					
1					
0	12	5
1	0	67
2	8	176
3	7	176
4	9	176
5	10	176
end
end					
10	"[Gun Crusher]"				
0					
14	13	2	1
14	14	1	1	
end					
1					
0	12	4
1	4	42
2	8	208
3	7	208
4	10	208
5	11	208
end
end
11	"[Kundun Memphis]"				
0					
14	13	2	1
14	14	1	1	
end					
1					
0	12	156
1	5	70
2	8	237
3	9	237
4	7	237
5	10	237
6	11	237
end
end
12	"[Lemuria]"				
0					
14	13	2	1
14	14	1	1	
end					
1					
0	12	4
1	5	82
2	8	254
3	7	254
4	9	254
5	10	254
end
end
13	"[Illusion Knight]"				
0					
14	13	2	1
14	14	1	1	
end					
1					
0	12	174
1	0	101
2	8	302
3	9	302
4	10	302
5	11	302
end
end
14	"[Alchemist]"				
0					
14	13	2	1
14	14	1	1	
end					
1					
0	12	4
1	5	111
2	5	130
3	8	337
4	9	337
5	11	337
end
end
15	"[Crusader]"				
0					
14	13	2	1
14	14	1	1	
end					
1					
0	12	174
1	2	55
2	6	99
3	8	392
4	9	392
5	11	392
end
end
16	"[Special Excellent]"				
0					
14	413	5	1	
14	16	3	1	
end					
1					
0	8	29
1	0	22
2	13	28
3	8	303
4	2	14
5	4	21
6	5	12
7	5	19
end
end
17	"[Ancient Itens]"				
0					
14	413	10	1	
14	22	5	1
end					
1					
0	0	14
1	4	5
2	13	22
3	13	27
4	0	32
5	6	42
6	6	30
7	6	32
8	13	25
9	13	21
10	13	8
end
end
18	"[Special Mix]"				
0					
14	413	10	1
14	42	5	1	
end					
1					
0	13	276
1	14	378
2	12	449
3	14	176
4	20	116
5	20	117
6	13	52
7	13	53
8	14	224
9	14	477
10	14	291
end
end
19	"[Mounts/Socket]"				
0					
14	413	25	1	
end					
1					
0	20	39
1	14	477
2	14	342
3	20	116
4	20	103
5	13	37
6	13	466
7	13	467
8	0	55
9	0	56
10	5	58
end
end
100
0	19
2	13
4	18
5	10
5	36
13	276
13	53
12	208
12	209
12	210
12	211
12	306
12	307
12	308
14	53
12	457
12	212
12	213
12	214
13	268
end					
end
