									
0							
1	0	-1	2	6	0		
1	0	-1	4	6	0		
1	0	-1	5	7	0		
75	-1	-1	12	268	0		
2004	-1	-1	20	114	0		
2005	-1	-1	20	115	0		
2007	-1	-1	20	116	0		
2009	-1	-1	20	117	0		
2011	-1	-1	20	118	0		
11	1	-1	12	0	0		
11	1	-1	12	1	0		
11	1	-1	12	2	0		
11	1	-1	12	41	0		
11	1	-1	12	155	0		
11	1	-1	12	173	0		
11	1	-1	21	0	0	
2006	2	-1	12	3	0		
2006	2	-1	12	4	0		
2006	2	-1	12	5	0		
2006	2	-1	12	6	0		
2006	2	-1	13	30	0		
2006	2	-1	12	42	0		
2006	2	-1	12	49	0		
2006	2	-1	12	156	0		
2006	2	-1	12	174	0		
2006	2	-1	12	269	0		
39	3	-1	12	27	0		
39	3	-1	12	36	0		
39	3	-1	12	37	0		
39	3	-1	12	38	0		
39	3	-1	12	39	0		
39	3	-1	12	40	0		
39	3	-1	12	43	0		
39	3	-1	12	50	0		
39	3	-1	12	158	0		
39	3	-1	12	176	0		
39	3	-1	12	270	0		
39	3	-1	12	467	0		
39	3	-1	12	472	0		
39	3	-1	12	489	0		
39	3	-1	12	194	0		
39	3	-1	21	1	0	
2008	3	-1	12	27	0		
2008	3	-1	12	36	0		
2008	3	-1	12	37	0		
2008	3	-1	12	38	0		
2008	3	-1	12	39	0		
2008	3	-1	12	40	0		
2008	3	-1	12	43	0		
2008	3	-1	12	50	0		
2008	3	-1	12	158	0		
2008	3	-1	12	176	0		
2008	3	-1	12	270	0		
2008	3	-1	12	467	0		
2008	3	-1	12	472	0		
2008	3	-1	12	489	0		
2008	3	-1	12	194	0		
2008	3	-1	21	1	0	
507	4	-1	12	152	0		
507	4	-1	12	160	0		
507	4	-1	12	178	0		
507	4	-1	12	414	0		
507	4	-1	12	415	0		
507	4	-1	12	416	0		
507	4	-1	12	417	0		
507	4	-1	12	418	0		
507	4	-1	12	419	0		
507	4	-1	12	420	0		
507	4	-1	12	421	0		
507	4	-1	12	469	0		
507	4	-1	12	474	0		
507	4	-1	12	490	0		
507	4	-1	12	196	0		
507	4	-1	21	3	0	
2010	4	-1	12	152	0		
2010	4	-1	12	160	0		
2010	4	-1	12	178	0		
2010	4	-1	12	414	0		
2010	4	-1	12	415	0		
2010	4	-1	12	416	0		
2010	4	-1	12	417	0		
2010	4	-1	12	418	0		
2010	4	-1	12	419	0		
2010	4	-1	12	420	0		
2010	4	-1	12	421	0		
2010	4	-1	12	469	0		
2010	4	-1	12	474	0		
2010	4	-1	12	490	0		
2010	4	-1	12	196	0		
2010	4	-1	21	3	0	
2010	12	10615	12	152	0	
2010	12	10614	12	160	0	
2010	12	10616	12	178	0	
2010	12	10604	12	414	0	
2010	12	10603	12	415	0	
2010	12	10605	12	416	0	
2010	12	10606	12	417	0	
2010	12	10607	12	418	0	
2010	12	10608	12	419	0	
2010	12	10609	12	420	0	
2010	12	10610	12	421	0	
2010	12	10611	12	469	0	
2010	12	10612	12	474	0	
2010	12	10613	12	490	0	
2010	12	10617	12	196	0	
2010	12	10618	21	3	0	
56	5	-1	12	262	0		
56	5	-1	12	263	0		
56	5	-1	12	264	0		
56	5	-1	12	265	0		
503	-1	0	12	422	0		
503	-1	1	12	423	0		
503	-1	2	12	424	0		
503	-1	3	12	425	0		
503	-1	4	12	426	0		
503	-1	5	12	427	0		
503	-1	6	12	428	0		
503	-1	7	12	429	0		
503	-1	8	12	422	0		
503	-1	9	12	423	0		
503	-1	10	12	422	0		
503	-1	11	12	157	0		
503	-1	12	12	422	0		
503	-1	13	12	175	0		
503	-1	14	12	422	0	
503	-1	15	12	175	0	
504	-1	0	12	430	0		
504	-1	1	12	431	0		
504	-1	2	12	432	0		
504	-1	3	12	433	0		
504	-1	4	12	434	0		
504	-1	5	12	435	0		
504	-1	6	12	436	0		
504	-1	7	12	437	0		
504	-1	8	12	468	0		
504	-1	9	12	473	0		
504	-1	10	12	496	0		
504	-1	11	12	159	0		
504	-1	12	12	28	0		
504	-1	13	12	177	0		
504	-1	14	12	195	0		
504	-1	15	21	2	0	
11	-1	6740	12	1	0		
11	-1	6739	12	2	0		
11	-1	6741	12	0	0		
11	-1	6742	12	41	0		
11	-1	10319	12	155	0		
11	-1	10344	12	173	0		
2006	-1	6745	12	4	0		
2006	-1	6744	12	5	0		
2006	-1	6746	12	3	0		
2006	-1	6748	12	6	0		
2006	-1	6743	13	30	0		
2006	-1	6747	12	42	0		
2006	-1	6818	12	49	0		
2006	-1	10320	12	156	0		
2006	-1	10345	12	174	0		
2012	6	-1	12	180	0		
2012	6	-1	12	181	0		
2012	6	-1	12	182	0		
2012	6	-1	12	183	0		
2012	6	-1	12	184	0		
2012	6	-1	12	185	0		
2012	6	-1	12	186	0		
2012	6	-1	12	187	0		
2012	6	-1	12	188	0		
2012	6	-1	12	189	0		
2012	6	-1	12	190	0		
2012	6	-1	12	191	0		
2012	6	-1	12	192	0		
2012	6	-1	12	193	0		
2012	6	-1	12	198	0		
2012	6	-1	21	5	0	
616	7	-1	13	182	0		
616	7	-1	13	184	0		
616	7	-1	13	186	0		
616	7	-1	13	183	0		
616	7	-1	13	185	0		
616	7	-1	13	187	0		
616	7	-1	13	188	0		
616	7	-1	13	189	0		
616	7	-1	13	190	0		
616	7	-1	13	191	0		
3189	8	10504	20	265	0		
3189	8	10505	20	266	0		
3189	8	10506	20	264	0		
3190	9	10504	20	267	0		
3190	9	10505	20	268	0		
3190	9	10506	20	269	0		
3191	10	10504	20	270	0		
3191	10	10505	20	271	0		
3191	10	10506	20	272	0		
3192	11	10507	20	264	0		
3192	11	10508	20	265	0		
3192	11	10509	20	266	0		
3192	11	10510	20	264	0		
3192	11	10511	20	265	0		
3192	11	10512	20	266	0		
end									
