0												
0	0	20	165	2037	1076	1	15	3	
end												
1												
3	0	20	168	2040	1203	2	1	6	
6	1	20	171	2043	1202	1	15	9	
end												
2												
7	0	20	172	2044	1222	2	1	10	
10	1	20	175	2047	1223	1	15	13	
end												
3												
12	0	20	177	2049	1214	2	1	15	
14	1	20	179	2051	1215	3	1	17	
end												
4												
17	0	20	182	2054	1099	2	1	20	
18	1	20	246	2096	1240	3	1	283	
end												
5												
21	0	20	186	2058	1102	2	1	24	
23	1	20	188	2060	1155	3	1	26	
end												
6												
24	0	20	189	2061	1113	2	1	27	
26	1	20	191	2063	1147	2	1	29	
end												
7												
28	0	20	193	2065	1235	2	1	31	
30	1	20	234	2089	1236	1	15	33	
end												
8												
32	0	20	196	2068	1150	1	15	35	
50	1	20	286	2103	1505	3	1	47	
end												
9												
35	0	20	199	2071	1160	2	1	38	
end												
10												
37	0	20	201	2073	1213	1	15	40	
end												
11												
41	0	20	208	2080	1216	2	1	47	
end												
12												
43	0	20	204	2076	1219	2	1	43	
end												
13												
46	0	20	210	2082	1233	2	1	49	
end												
14												
49	0	20	258	2094	1239	2	1	286	
end												
15												
51	0	20	300	2109	1508	1	15	287	
end												
