													
													
0	
0	20	113	100	3	6184	6185	6187	6188	6189	6190	6191	6186	
end													
													
1	
0	0	12	414	11	1	1	
0	1	12	415	11	1	1	
0	2	12	416	11	1	1	
0	3	12	419	11	1	1	
0	4	12	417	11	1	1	
0	5	12	418	11	1	1	
0	6	12	420	11	1	1	
0	7	12	421	11	1	1	
0	8	12	469	11	1	1	
0	9	12	474	11	1	1	
0	10	12	490	11	1	1	
0	11	12	160	11	1	1	
0	12	12	152	11	1	1	
0	13	12	178	11	1	1	
0	14	12	196	11	1	1	
0	15	21	3	11	1	1	
end													
													
2	
0	0	3	2	6	2	-1	-1	-1	-1	0	16666		
0	1	3	3	6	2	-1	-1	-1	-1	0	11667		
0	2	3	2	6	3	-1	-1	-1	-1	0	11667		
0	3	3	3	6	3	-1	-1	-1	-1	1	10000		
0	4	3	2	6	2	0	2	-1	-1	0	75000		
0	5	3	2	6	2	1	2	-1	-1	0	7500		
0	6	3	2	6	2	2	2	-1	-1	0	5000		
0	7	3	2	6	2	4	2	-1	-1	0	5000		
0	8	3	2	6	2	5	2	-1	-1	0	20000		
0	9	3	2	6	2	7	2	-1	-1	0	50000		
0	10	3	2	6	2	8	2	-1	-1	0	37500		
0	11	3	2	6	2	9	2	-1	-1	0	25000		
0	12	3	2	6	2	10	2	-1	-1	0	25000		
0	13	3	3	6	2	0	2	-1	-1	0	30000		
0	14	3	3	6	2	1	2	-1	-1	0	3000		
0	15	3	3	6	2	2	2	-1	-1	0	2000		
0	16	3	3	6	2	4	2	-1	-1	0	2000		
0	17	3	3	6	2	5	2	-1	-1	0	8000		
0	18	3	3	6	2	7	2	-1	-1	0	20000		
0	19	3	3	6	2	8	2	-1	-1	0	15000		
0	20	3	3	6	2	9	2	-1	-1	0	10000		
0	21	3	3	6	2	10	2	-1	-1	0	10000		
0	22	3	2	6	3	0	2	-1	-1	0	30000		
0	23	3	2	6	3	1	2	-1	-1	0	3000		
0	24	3	2	6	3	2	2	-1	-1	0	2000		
0	25	3	2	6	3	4	2	-1	-1	0	2000		
0	26	3	2	6	3	5	2	-1	-1	0	8000		
0	27	3	2	6	3	7	2	-1	-1	0	20000		
0	28	3	2	6	3	8	2	-1	-1	0	15000		
0	29	3	2	6	3	9	2	-1	-1	0	10000		
0	30	3	2	6	3	10	2	-1	-1	0	10000		
0	31	3	2	6	2	0	3	-1	-1	0	45000		
0	32	3	2	6	2	1	3	-1	-1	0	4500		
0	33	3	2	6	2	2	3	-1	-1	0	3000		
0	34	3	2	6	2	4	3	-1	-1	0	3000		
0	35	3	2	6	2	5	3	-1	-1	0	12000		
0	36	3	2	6	2	7	3	-1	-1	0	30000		
0	37	3	2	6	2	8	3	-1	-1	0	22500		
0	38	3	2	6	2	9	3	-1	-1	0	15000		
0	39	3	2	6	2	10	3	-1	-1	0	15000		
0	40	3	3	6	3	0	2	-1	-1	1	7500		
0	41	3	3	6	3	1	2	-1	-1	1	750		
0	42	3	3	6	3	2	2	-1	-1	1	500		
0	43	3	3	6	3	4	2	-1	-1	1	500		
0	44	3	3	6	3	5	2	-1	-1	1	2000		
0	45	3	3	6	3	7	2	-1	-1	1	5000		
0	46	3	3	6	3	8	2	-1	-1	1	3750		
0	47	3	3	6	3	9	2	-1	-1	1	2500		
0	48	3	3	6	3	10	2	-1	-1	1	2500		
0	49	3	3	6	2	0	3	-1	-1	1	15000		
0	50	3	3	6	2	1	3	-1	-1	1	1500		
0	51	3	3	6	2	2	3	-1	-1	1	1000		
0	52	3	3	6	2	4	3	-1	-1	1	1000		
0	53	3	3	6	2	5	3	-1	-1	1	4000		
0	54	3	3	6	2	7	3	-1	-1	1	10000		
0	55	3	3	6	2	8	3	-1	-1	1	7500		
0	56	3	3	6	2	9	3	-1	-1	1	5000		
0	57	3	3	6	2	10	3	-1	-1	1	5000		
0	58	3	2	6	3	0	3	-1	-1	1	15000		
0	59	3	2	6	3	1	3	-1	-1	1	1500		
0	60	3	2	6	3	2	3	-1	-1	1	1000		
0	61	3	2	6	3	4	3	-1	-1	1	1000		
0	62	3	2	6	3	5	3	-1	-1	1	4000		
0	63	3	2	6	3	7	3	-1	-1	1	10000		
0	64	3	2	6	3	8	3	-1	-1	1	7500		
0	65	3	2	6	3	9	3	-1	-1	1	5000		
0	66	3	2	6	3	10	3	-1	-1	1	5000		
0	67	3	3	6	3	0	3	-1	-1	1	7500		
0	68	3	3	6	3	1	3	-1	-1	1	750		
0	69	3	3	6	3	2	3	-1	-1	1	500		
0	70	3	3	6	3	4	3	-1	-1	1	500		
0	71	3	3	6	3	5	3	-1	-1	1	2000		
0	72	3	3	6	3	7	3	-1	-1	1	5000		
0	73	3	3	6	3	8	3	-1	-1	1	3750		
0	74	3	3	6	3	9	3	-1	-1	1	2500		
0	75	3	3	6	3	10	3	-1	-1	1	2500		
0	76	3	2	6	2	5	2	7	2	0	25343		
0	77	3	2	6	2	5	2	10	2	0	13333		
0	78	3	2	6	2	5	2	8	2	0	10000		
0	79	3	2	6	2	5	2	9	2	0	13333		
0	80	3	2	6	2	5	2	1	2	0	2000		
0	81	3	2	6	2	5	2	2	2	0	1333		
0	82	3	2	6	2	5	2	4	2	0	1333		
0	83	3	3	6	3	5	2	7	2	1	4560		
0	84	3	3	6	3	5	2	10	2	1	2400		
0	85	3	3	6	3	5	2	8	2	1	1800		
0	86	3	3	6	3	5	2	9	2	1	2400		
0	87	3	3	6	3	5	2	1	2	1	360		
0	88	3	3	6	3	5	2	2	2	1	240		
0	89	3	3	6	3	5	2	4	2	1	240		
0	90	3	3	6	2	5	3	7	2	1	6186		
0	91	3	3	6	2	5	3	10	2	1	3256		
0	92	3	3	6	2	5	3	8	2	1	2442		
0	93	3	3	6	2	5	3	9	2	1	3256		
0	94	3	3	6	2	5	3	1	2	1	488		
0	95	3	3	6	2	5	3	2	2	1	326		
0	96	3	3	6	2	5	3	4	2	1	326		
0	97	3	3	6	2	5	2	7	3	1	6186		
0	98	3	3	6	2	5	2	10	3	1	3256		
0	99	3	3	6	2	5	2	8	3	1	2442		
0	100	3	3	6	2	5	2	9	3	1	3256		
0	101	3	3	6	2	5	2	1	3	1	488		
0	102	3	3	6	2	5	2	2	3	1	326		
0	103	3	3	6	2	5	2	4	3	1	326		
0	104	3	2	6	3	5	3	7	2	1	6186		
0	105	3	2	6	3	5	3	10	2	1	3256		
0	106	3	2	6	3	5	3	8	2	1	2442		
0	107	3	2	6	3	5	3	9	2	1	3256		
0	108	3	2	6	3	5	3	1	2	1	488		
0	109	3	2	6	3	5	3	2	2	1	326		
0	110	3	2	6	3	5	3	4	2	1	326		
0	111	3	2	6	3	5	2	7	3	1	6186		
0	112	3	2	6	3	5	2	10	3	1	3256		
0	113	3	2	6	3	5	2	8	3	1	2442		
0	114	3	2	6	3	5	2	9	3	1	3256		
0	115	3	2	6	3	5	2	1	3	1	488		
0	116	3	2	6	3	5	2	2	3	1	326		
0	117	3	2	6	3	5	2	4	3	1	326		
0	118	3	2	6	2	5	3	7	3	1	6186		
0	119	3	2	6	2	5	3	10	3	1	3256		
0	120	3	2	6	2	5	3	8	3	1	2442		
0	121	3	2	6	2	5	3	9	3	1	3256		
0	122	3	2	6	2	5	3	1	3	1	488		
0	123	3	2	6	2	5	3	2	3	1	326		
0	124	3	2	6	2	5	3	4	3	1	326		
0	125	3	3	6	3	5	3	7	2	1	2533		
0	126	3	3	6	3	5	3	10	2	1	1333		
0	127	3	3	6	3	5	3	8	2	1	1000		
0	128	3	3	6	3	5	3	9	2	1	1333		
0	129	3	3	6	3	5	3	1	2	1	200		
0	130	3	3	6	3	5	3	2	2	1	133		
0	131	3	3	6	3	5	3	4	2	1	133		
0	132	3	3	6	2	5	3	7	3	1	3369		
0	133	3	3	6	2	5	3	10	3	1	1773		
0	134	3	3	6	2	5	3	8	3	1	1330		
0	135	3	3	6	2	5	3	9	3	1	1773		
0	136	3	3	6	2	5	3	1	3	1	266		
0	137	3	3	6	2	5	3	2	3	1	177		
0	138	3	3	6	2	5	3	4	3	1	177		
0	139	3	3	6	3	5	2	7	3	1	3369		
0	140	3	3	6	3	5	2	10	3	1	1773		
0	141	3	3	6	3	5	2	8	3	1	1330		
0	142	3	3	6	3	5	2	9	3	1	1773		
0	143	3	3	6	3	5	2	1	3	1	266		
0	144	3	3	6	3	5	2	2	3	1	177		
0	145	3	3	6	3	5	2	4	3	1	177		
0	146	3	2	6	3	5	3	7	3	1	3369		
0	147	3	2	6	3	5	3	10	3	1	1773		
0	148	3	2	6	3	5	3	8	3	1	1330		
0	149	3	2	6	3	5	3	9	3	1	1773		
0	150	3	2	6	3	5	3	1	3	1	266		
0	151	3	2	6	3	5	3	2	3	1	177		
0	152	3	2	6	3	5	3	4	3	1	177		
0	153	3	3	6	3	5	3	7	3	1	2533		
0	154	3	3	6	3	5	3	10	3	1	1333		
0	155	3	3	6	3	5	3	8	3	1	1000		
0	156	3	3	6	3	5	3	9	3	1	1333		
0	157	3	3	6	3	5	3	1	3	1	200		
0	158	3	3	6	3	5	3	2	3	1	133		
0	159	3	3	6	3	5	3	4	3	1	133		
end													
