0	
0	5	31	11	15	0	0	0	2	10000000	8000	
1	6	20	11	15	0	0	0	2	10000000	8000				
2	7	52	11	15	0	0	0	2	10000000	8000				
3	8	52	11	15	0	0	0	2	10000000	8000				
4	9	52	11	15	0	0	0	2	10000000	8000				
5	10	52	11	15	0	0	0	2	10000000	8000				
6	11	52	11	15	0	0	0	2	10000000	8000				
7	0	26	11	15	0	0	0	2	10000000	8000	
8	7	45	11	15	0	0	0	2	10000000	8000				
9	8	45	11	15	0	0	0	2	10000000	8000				
10	9	45	11	15	0	0	0	2	10000000	8000				
11	10	45	11	15	0	0	0	2	10000000	8000				
12	11	45	11	15	0	0	0	2	10000000	8000				
13	0	27	11	15	0	0	0	2	10000000	8000	
14	7	46	11	15	0	0	0	2	10000000	8000				
15	8	46	11	15	0	0	0	2	10000000	8000				
16	9	46	11	15	0	0	0	2	10000000	8000				
17	10	46	11	15	0	0	0	2	10000000	8000				
18	11	46	11	15	0	0	0	2	10000000	8000				
19	4	23	11	15	0	0	0	2	10000000	8000	
20	6	19	11	15	0	0	0	2	10000000	8000				
21	7	49	11	15	0	0	0	2	10000000	8000				
22	8	49	11	15	0	0	0	2	10000000	8000				
23	9	49	11	15	0	0	0	2	10000000	8000				
24	10	49	11	15	0	0	0	2	10000000	8000				
25	11	49	11	15	0	0	0	2	10000000	8000				
26	7	50	11	15	0	0	0	2	10000000	8000				
27	8	50	11	15	0	0	0	2	10000000	8000				
28	9	50	11	15	0	0	0	2	10000000	8000				
29	10	50	11	15	0	0	0	2	10000000	8000				
30	11	50	11	15	0	0	0	2	10000000	8000				
31	0	28	11	15	0	0	0	2	10000000	8000	
32	5	30	11	15	0	0	0	2	10000000	8000				
33	6	18	11	15	0	0	0	2	10000000	8000				
34	8	47	11	15	0	0	0	2	10000000	8000				
35	9	47	11	15	0	0	0	2	10000000	8000				
36	10	47	11	15	0	0	0	2	10000000	8000				
37	11	47	11	15	0	0	0	2	10000000	8000				
38	5	30	11	15	0	0	0	2	10000000	8000				
39	8	48	11	15	0	0	0	2	10000000	8000				
40	9	48	11	15	0	0	0	2	10000000	8000				
41	10	48	11	15	0	0	0	2	10000000	8000				
42	11	48	11	15	0	0	0	2	10000000	8000				
43	2	17	11	15	0	0	0	2	10000000	8000	
44	7	51	11	15	0	0	0	2	10000000	8000				
45	8	51	11	15	0	0	0	2	10000000	8000				
46	9	51	11	15	0	0	0	2	10000000	8000				
47	10	51	11	15	0	0	0	2	10000000	8000				
48	11	51	11	15	0	0	0	2	10000000	8000				
49	5	20	11	15	0	0	0	2	10000000	8000	
50	7	44	11	15	0	0	0	2	10000000	8000				
51	8	44	11	15	0	0	0	2	10000000	8000				
52	9	44	11	15	0	0	0	2	10000000	8000				
53	10	44	11	15	0	0	0	2	10000000	8000				
54	11	44	11	15	0	0	0	2	10000000	8000				
55	0	52	11	15	0	0	0	2	10000000	8000	
56	7	146	11	15	0	0	0	2	10000000	8000				
57	8	146	11	15	0	0	0	2	10000000	8000				
58	9	146	11	15	0	0	0	2	10000000	8000				
59	11	146	11	15	0	0	0	2	10000000	8000				
60	3	22	11	15	0	0	0	2	10000000	8000	
61	6	40	11	15	0	0	0	2	10000000	8000				
62	7	148	11	15	0	0	0	2	10000000	8000				
63	8	148	11	15	0	0	0	2	10000000	8000				
64	9	148	11	15	0	0	0	2	10000000	8000				
65	10	148	11	15	0	0	0	2	10000000	8000				
66	11	148	11	15	0	0	0	2	10000000	8000				
67	6	17	11	15	0	0	0	2	10000000	8000	
68	2	30	11	15	0	0	0	2	10000000	8000	
69	7	120	11	15	0	0	0	2	10000000	8000				
70	8	120	11	15	0	0	0	2	10000000	8000				
71	9	120	11	15	0	0	0	2	10000000	8000				
72	10	120	11	15	0	0	0	2	10000000	8000				
73	11	120	11	15	0	0	0	2	10000000	8000				
74	0	69	11	15	0	0	0	2	10000000	8000	
75	7	178	11	15	0	0	0	2	10000000	8000				
76	8	178	11	15	0	0	0	2	10000000	8000				
77	9	178	11	15	0	0	0	2	10000000	8000				
78	10	178	11	15	0	0	0	2	10000000	8000				
79	11	178	11	15	0	0	0	2	10000000	8000				
80	4	44	11	15	0	0	0	2	10000000	8000	
81	7	210	11	15	0	0	0	2	10000000	8000				
82	8	210	11	15	0	0	0	2	10000000	8000				
83	9	210	11	15	0	0	0	2	10000000	8000				
84	10	210	11	15	0	0	0	2	10000000	8000				
85	11	210	11	15	0	0	0	2	10000000	8000				
86	5	71	11	15	0	0	0	2	10000000	8000	
87	7	239	11	15	0	0	0	2	10000000	8000				
88	8	239	11	15	0	0	0	2	10000000	8000				
89	9	239	11	15	0	0	0	2	10000000	8000				
90	10	239	11	15	0	0	0	2	10000000	8000				
91	11	239	11	15	0	0	0	2	10000000	8000				
92	5	84	11	15	0	0	0	2	10000000	8000	
93	7	257	11	15	0	0	0	2	10000000	8000				
94	8	257	11	15	0	0	0	2	10000000	8000				
95	9	257	11	15	0	0	0	2	10000000	8000				
96	10	257	11	15	0	0	0	2	10000000	8000				
97	11	257	11	15	0	0	0	2	10000000	8000				
98	0	103	11	15	0	0	0	2	10000000	8000	
99	7	304	11	15	0	0	0	2	10000000	8000				
100	8	304	11	15	0	0	0	2	10000000	8000				
101	9	304	11	15	0	0	0	2	10000000	8000				
102	10	304	11	15	0	0	0	2	10000000	8000				
103	11	304	11	15	0	0	0	2	10000000	8000				
104	5	112	11	15	0	0	0	2	10000000	8000	
105	5	131	11	15	0	0	0	2	10000000	8000				
106	7	339	11	15	0	0	0	2	10000000	8000				
107	8	339	11	15	0	0	0	2	10000000	8000				
108	9	339	11	15	0	0	0	2	10000000	8000				
109	10	339	11	15	0	0	0	2	10000000	8000				
110	11	339	11	15	0	0	0	2	10000000	8000				
111	2	56	11	15	0	0	0	2	10000000	8000	
112	6	100	11	15	0	0	0	2	10000000	8000				
113	7	393	11	15	0	0	0	2	10000000	8000				
114	8	393	11	15	0	0	0	2	10000000	8000				
115	9	393	11	15	0	0	0	2	10000000	8000				
116	10	393	11	15	0	0	0	2	10000000	8000				
117	11	393	11	15	0	0	0	2	10000000	8000				
end														
1	
0	117	14	364	-1	-1	1								
0	117	14	13	-1	-1	5								
0	117	14	14	-1	-1	5								
0	117	12	15	-1	-1	1								
end														
2	
0	8000	5	35	0	0	2000	0	2000	0	8500	1000	500	0	0
1	8000	6	24	0	0	2000	0	2000	0	8500	1000	500	0	0
2	8000	7	55	0	0	2000	0	2000	0	8500	1000	500	0	0
3	8000	8	55	0	0	2000	0	2000	0	8500	1000	500	0	0
4	8000	9	55	0	0	2000	0	2000	0	8500	1000	500	0	0
5	8000	10	55	0	0	2000	0	2000	0	8500	1000	500	0	0
6	8000	11	55	0	0	2000	0	2000	0	8500	1000	500	0	0
7	8000	0	36	0	0	2000	0	2000	0	8500	1000	500	0	0
8	8000	7	74	0	0	2000	0	2000	0	8500	1000	500	0	0
9	8000	8	74	0	0	2000	0	2000	0	8500	1000	500	0	0
10	8000	9	74	0	0	2000	0	2000	0	8500	1000	500	0	0
11	8000	10	74	0	0	2000	0	2000	0	8500	1000	500	0	0
12	8000	11	74	0	0	2000	0	2000	0	8500	1000	500	0	0
13	8000	0	29	0	0	2000	0	2000	0	8500	1000	500	0	0
14	8000	7	54	0	0	2000	0	2000	0	8500	1000	500	0	0
15	8000	8	54	0	0	2000	0	2000	0	8500	1000	500	0	0
16	8000	9	54	0	0	2000	0	2000	0	8500	1000	500	0	0
17	8000	10	54	0	0	2000	0	2000	0	8500	1000	500	0	0
18	8000	11	54	0	0	2000	0	2000	0	8500	1000	500	0	0
19	8000	4	25	0	0	2000	0	2000	0	8500	1000	500	0	0
20	8000	6	23	0	0	2000	0	2000	0	8500	1000	500	0	0
21	8000	7	56	0	0	2000	0	2000	0	8500	1000	500	0	0
22	8000	8	56	0	0	2000	0	2000	0	8500	1000	500	0	0
23	8000	9	56	0	0	2000	0	2000	0	8500	1000	500	0	0
24	8000	10	56	0	0	2000	0	2000	0	8500	1000	500	0	0
25	8000	11	56	0	0	2000	0	2000	0	8500	1000	500	0	0
26	8000	7	75	0	0	2000	0	2000	0	8500	1000	500	0	0
27	8000	8	75	0	0	2000	0	2000	0	8500	1000	500	0	0
28	8000	9	75	0	0	2000	0	2000	0	8500	1000	500	0	0
29	8000	10	75	0	0	2000	0	2000	0	8500	1000	500	0	0
30	8000	11	75	0	0	2000	0	2000	0	8500	1000	500	0	0
31	8000	0	30	0	0	2000	0	2000	0	8500	1000	500	0	0
32	8000	5	35	0	0	2000	0	2000	0	8500	1000	500	0	0
33	8000	6	25	0	0	2000	0	2000	0	8500	1000	500	0	0
34	8000	8	57	0	0	2000	0	2000	0	8500	1000	500	0	0
35	8000	9	57	0	0	2000	0	2000	0	8500	1000	500	0	0
36	8000	10	57	0	0	2000	0	2000	0	8500	1000	500	0	0
37	8000	11	57	0	0	2000	0	2000	0	8500	1000	500	0	0
38	8000	5	35	0	0	2000	0	2000	0	8500	1000	500	0	0
39	8000	8	76	0	0	2000	0	2000	0	8500	1000	500	0	0
40	8000	9	76	0	0	2000	0	2000	0	8500	1000	500	0	0
41	8000	10	76	0	0	2000	0	2000	0	8500	1000	500	0	0
42	8000	11	76	0	0	2000	0	2000	0	8500	1000	500	0	0
43	8000	2	19	0	0	2000	0	2000	0	8500	1000	500	0	0
44	8000	7	58	0	0	2000	0	2000	0	8500	1000	500	0	0
45	8000	8	58	0	0	2000	0	2000	0	8500	1000	500	0	0
46	8000	9	58	0	0	2000	0	2000	0	8500	1000	500	0	0
47	8000	10	58	0	0	2000	0	2000	0	8500	1000	500	0	0
48	8000	11	58	0	0	2000	0	2000	0	8500	1000	500	0	0
49	8000	5	32	0	0	2000	0	2000	0	8500	1000	500	0	0
50	8000	7	53	0	0	2000	0	2000	0	8500	1000	500	0	0
51	8000	8	53	0	0	2000	0	2000	0	8500	1000	500	0	0
52	8000	9	53	0	0	2000	0	2000	0	8500	1000	500	0	0
53	8000	10	53	0	0	2000	0	2000	0	8500	1000	500	0	0
54	8000	11	53	0	0	2000	0	2000	0	8500	1000	500	0	0
55	8000	0	53	0	0	2000	0	2000	0	8500	1000	500	0	0
56	8000	7	147	0	0	2000	0	2000	0	8500	1000	500	0	0
57	8000	8	147	0	0	2000	0	2000	0	8500	1000	500	0	0
58	8000	9	147	0	0	2000	0	2000	0	8500	1000	500	0	0
59	8000	11	147	0	0	2000	0	2000	0	8500	1000	500	0	0
60	8000	3	23	0	0	2000	0	2000	0	8500	1000	500	0	0
61	8000	6	41	0	0	2000	0	2000	0	8500	1000	500	0	0
62	8000	7	149	0	0	2000	0	2000	0	8500	1000	500	0	0
63	8000	8	149	0	0	2000	0	2000	0	8500	1000	500	0	0
64	8000	9	149	0	0	2000	0	2000	0	8500	1000	500	0	0
65	8000	10	149	0	0	2000	0	2000	0	8500	1000	500	0	0
66	8000	11	149	0	0	2000	0	2000	0	8500	1000	500	0	0
67	8000	6	22	0	0	2000	0	2000	0	8500	1000	500	0	0
68	8000	2	31	0	0	2000	0	2000	0	8500	1000	500	0	0
69	8000	7	121	0	0	2000	0	2000	0	8500	1000	500	0	0
70	8000	8	121	0	0	2000	0	2000	0	8500	1000	500	0	0
71	8000	9	121	0	0	2000	0	2000	0	8500	1000	500	0	0
72	8000	10	121	0	0	2000	0	2000	0	8500	1000	500	0	0
73	8000	11	121	0	0	2000	0	2000	0	8500	1000	500	0	0
74	8000	0	70	0	0	2000	0	2000	0	8500	1000	500	0	0
75	8000	7	179	0	0	2000	0	2000	0	8500	1000	500	0	0
76	8000	8	179	0	0	2000	0	2000	0	8500	1000	500	0	0
77	8000	9	179	0	0	2000	0	2000	0	8500	1000	500	0	0
78	8000	10	179	0	0	2000	0	2000	0	8500	1000	500	0	0
79	8000	11	179	0	0	2000	0	2000	0	8500	1000	500	0	0
80	8000	4	45	0	0	2000	0	2000	0	8500	1000	500	0	0
81	8000	7	211	0	0	2000	0	2000	0	8500	1000	500	0	0
82	8000	8	211	0	0	2000	0	2000	0	8500	1000	500	0	0
83	8000	9	211	0	0	2000	0	2000	0	8500	1000	500	0	0
84	8000	10	211	0	0	2000	0	2000	0	8500	1000	500	0	0
85	8000	11	211	0	0	2000	0	2000	0	8500	1000	500	0	0
86	8000	5	72	0	0	2000	0	2000	0	8500	1000	500	0	0
87	8000	7	240	0	0	2000	0	2000	0	8500	1000	500	0	0
88	8000	8	240	0	0	2000	0	2000	0	8500	1000	500	0	0
89	8000	9	240	0	0	2000	0	2000	0	8500	1000	500	0	0
90	8000	10	240	0	0	2000	0	2000	0	8500	1000	500	0	0
91	8000	11	240	0	0	2000	0	2000	0	8500	1000	500	0	0
92	8000	5	85	0	0	2000	0	2000	0	8500	1000	500	0	0
93	8000	7	258	0	0	2000	0	2000	0	8500	1000	500	0	0
94	8000	8	258	0	0	2000	0	2000	0	8500	1000	500	0	0
95	8000	9	258	0	0	2000	0	2000	0	8500	1000	500	0	0
96	8000	10	258	0	0	2000	0	2000	0	8500	1000	500	0	0
97	8000	11	258	0	0	2000	0	2000	0	8500	1000	500	0	0
98	8000	0	104	0	0	2000	0	2000	0	8500	1000	500	0	0
99	8000	7	305	0	0	2000	0	2000	0	8500	1000	500	0	0
100	8000	8	305	0	0	2000	0	2000	0	8500	1000	500	0	0
101	8000	9	305	0	0	2000	0	2000	0	8500	1000	500	0	0
102	8000	10	305	0	0	2000	0	2000	0	8500	1000	500	0	0
103	8000	11	305	0	0	2000	0	2000	0	8500	1000	500	0	0
104	8000	5	113	0	0	2000	0	2000	0	8500	1000	500	0	0
105	8000	5	132	0	0	2000	0	2000	0	8500	1000	500	0	0
106	8000	7	340	0	0	2000	0	2000	0	8500	1000	500	0	0
107	8000	8	340	0	0	2000	0	2000	0	8500	1000	500	0	0
108	8000	9	340	0	0	2000	0	2000	0	8500	1000	500	0	0
109	8000	10	340	0	0	2000	0	2000	0	8500	1000	500	0	0
110	8000	11	340	0	0	2000	0	2000	0	8500	1000	500	0	0
111	8000	2	57	0	0	2000	0	2000	0	8500	1000	500	0	0
112	8000	6	101	0	0	2000	0	2000	0	8500	1000	500	0	0
113	8000	7	394	0	0	2000	0	2000	0	8500	1000	500	0	0
114	8000	8	394	0	0	2000	0	2000	0	8500	1000	500	0	0
115	8000	9	394	0	0	2000	0	2000	0	8500	1000	500	0	0
116	8000	10	394	0	0	2000	0	2000	0	8500	1000	500	0	0
117	8000	11	394	0	0	2000	0	2000	0	8500	1000	500	0	0
end														
3	
0	1	5	31	-1	-1	-1	-1	-1	-1	0	-1			
1	1	6	20	-1	-1	-1	-1	-1	-1	0	-1			
2	1	7	52	-1	-1	-1	-1	-1	-1	0	-1			
3	1	8	52	-1	-1	-1	-1	-1	-1	0	-1			
4	1	9	52	-1	-1	-1	-1	-1	-1	0	-1			
5	1	10	52	-1	-1	-1	-1	-1	-1	0	-1			
6	1	11	52	-1	-1	-1	-1	-1	-1	0	-1			
7	1	0	26	-1	-1	-1	-1	-1	-1	0	-1			
8	1	7	45	-1	-1	-1	-1	-1	-1	0	-1			
9	1	8	45	-1	-1	-1	-1	-1	-1	0	-1			
10	1	9	45	-1	-1	-1	-1	-1	-1	0	-1			
11	1	10	45	-1	-1	-1	-1	-1	-1	0	-1			
12	1	11	45	-1	-1	-1	-1	-1	-1	0	-1			
13	1	0	27	-1	-1	-1	-1	-1	-1	0	-1			
14	1	7	46	-1	-1	-1	-1	-1	-1	0	-1			
15	1	8	46	-1	-1	-1	-1	-1	-1	0	-1			
16	1	9	46	-1	-1	-1	-1	-1	-1	0	-1			
17	1	10	46	-1	-1	-1	-1	-1	-1	0	-1			
18	1	11	46	-1	-1	-1	-1	-1	-1	0	-1			
19	1	4	23	-1	-1	-1	-1	-1	-1	0	-1			
20	1	6	19	-1	-1	-1	-1	-1	-1	0	-1			
21	1	7	49	-1	-1	-1	-1	-1	-1	0	-1			
22	1	8	49	-1	-1	-1	-1	-1	-1	0	-1			
23	1	9	49	-1	-1	-1	-1	-1	-1	0	-1			
24	1	10	49	-1	-1	-1	-1	-1	-1	0	-1			
25	1	11	49	-1	-1	-1	-1	-1	-1	0	-1			
26	1	7	50	-1	-1	-1	-1	-1	-1	0	-1			
27	1	8	50	-1	-1	-1	-1	-1	-1	0	-1			
28	1	9	50	-1	-1	-1	-1	-1	-1	0	-1			
29	1	10	50	-1	-1	-1	-1	-1	-1	0	-1			
30	1	11	50	-1	-1	-1	-1	-1	-1	0	-1			
31	1	0	28	-1	-1	-1	-1	-1	-1	0	-1			
32	1	5	30	-1	-1	-1	-1	-1	-1	0	-1			
33	1	6	18	-1	-1	-1	-1	-1	-1	0	-1			
34	1	8	47	-1	-1	-1	-1	-1	-1	0	-1			
35	1	9	47	-1	-1	-1	-1	-1	-1	0	-1			
36	1	10	47	-1	-1	-1	-1	-1	-1	0	-1			
37	1	11	47	-1	-1	-1	-1	-1	-1	0	-1			
38	1	5	30	-1	-1	-1	-1	-1	-1	0	-1			
39	1	8	48	-1	-1	-1	-1	-1	-1	0	-1			
40	1	9	48	-1	-1	-1	-1	-1	-1	0	-1			
41	1	10	48	-1	-1	-1	-1	-1	-1	0	-1			
42	1	11	48	-1	-1	-1	-1	-1	-1	0	-1			
43	1	2	17	-1	-1	-1	-1	-1	-1	0	-1			
44	1	7	51	-1	-1	-1	-1	-1	-1	0	-1			
45	1	8	51	-1	-1	-1	-1	-1	-1	0	-1			
46	1	9	51	-1	-1	-1	-1	-1	-1	0	-1			
47	1	10	51	-1	-1	-1	-1	-1	-1	0	-1			
48	1	11	51	-1	-1	-1	-1	-1	-1	0	-1			
49	1	5	20	-1	-1	-1	-1	-1	-1	0	-1			
50	1	7	44	-1	-1	-1	-1	-1	-1	0	-1			
51	1	8	44	-1	-1	-1	-1	-1	-1	0	-1			
52	1	9	44	-1	-1	-1	-1	-1	-1	0	-1			
53	1	10	44	-1	-1	-1	-1	-1	-1	0	-1			
54	1	11	44	-1	-1	-1	-1	-1	-1	0	-1			
55	1	0	52	-1	-1	-1	-1	-1	-1	0	-1			
56	1	7	146	-1	-1	-1	-1	-1	-1	0	-1			
57	1	8	146	-1	-1	-1	-1	-1	-1	0	-1			
58	1	9	146	-1	-1	-1	-1	-1	-1	0	-1			
59	1	11	146	-1	-1	-1	-1	-1	-1	0	-1			
60	1	3	22	-1	-1	-1	-1	-1	-1	0	-1			
61	1	6	40	-1	-1	-1	-1	-1	-1	0	-1			
62	1	7	148	-1	-1	-1	-1	-1	-1	0	-1			
63	1	8	148	-1	-1	-1	-1	-1	-1	0	-1			
64	1	9	148	-1	-1	-1	-1	-1	-1	0	-1			
65	1	10	148	-1	-1	-1	-1	-1	-1	0	-1			
66	1	11	148	-1	-1	-1	-1	-1	-1	0	-1			
67	1	6	17	-1	-1	-1	-1	-1	-1	0	-1			
68	1	2	30	-1	-1	-1	-1	-1	-1	0	-1			
69	1	7	120	-1	-1	-1	-1	-1	-1	0	-1			
70	1	8	120	-1	-1	-1	-1	-1	-1	0	-1			
71	1	9	120	-1	-1	-1	-1	-1	-1	0	-1			
72	1	10	120	-1	-1	-1	-1	-1	-1	0	-1			
73	1	11	120	-1	-1	-1	-1	-1	-1	0	-1			
74	1	0	69	-1	-1	-1	-1	-1	-1	0	-1			
75	1	7	178	-1	-1	-1	-1	-1	-1	0	-1			
76	1	8	178	-1	-1	-1	-1	-1	-1	0	-1			
77	1	9	178	-1	-1	-1	-1	-1	-1	0	-1			
78	1	10	178	-1	-1	-1	-1	-1	-1	0	-1			
79	1	11	178	-1	-1	-1	-1	-1	-1	0	-1			
80	1	4	44	-1	-1	-1	-1	-1	-1	0	-1			
81	1	7	210	-1	-1	-1	-1	-1	-1	0	-1			
82	1	8	210	-1	-1	-1	-1	-1	-1	0	-1			
83	1	9	210	-1	-1	-1	-1	-1	-1	0	-1			
84	1	10	210	-1	-1	-1	-1	-1	-1	0	-1			
85	1	11	210	-1	-1	-1	-1	-1	-1	0	-1			
86	1	5	71	-1	-1	-1	-1	-1	-1	0	-1			
87	1	7	239	-1	-1	-1	-1	-1	-1	0	-1			
88	1	8	239	-1	-1	-1	-1	-1	-1	0	-1			
89	1	9	239	-1	-1	-1	-1	-1	-1	0	-1			
90	1	10	239	-1	-1	-1	-1	-1	-1	0	-1			
91	1	11	239	-1	-1	-1	-1	-1	-1	0	-1			
92	1	5	84	-1	-1	-1	-1	-1	-1	0	-1			
93	1	7	257	-1	-1	-1	-1	-1	-1	0	-1			
94	1	8	257	-1	-1	-1	-1	-1	-1	0	-1			
95	1	9	257	-1	-1	-1	-1	-1	-1	0	-1			
96	1	10	257	-1	-1	-1	-1	-1	-1	0	-1			
97	1	11	257	-1	-1	-1	-1	-1	-1	0	-1			
98	1	0	103	-1	-1	-1	-1	-1	-1	0	-1			
99	1	7	304	-1	-1	-1	-1	-1	-1	0	-1			
100	1	8	304	-1	-1	-1	-1	-1	-1	0	-1			
101	1	9	304	-1	-1	-1	-1	-1	-1	0	-1			
102	1	10	304	-1	-1	-1	-1	-1	-1	0	-1			
103	1	11	304	-1	-1	-1	-1	-1	-1	0	-1			
104	1	5	112	-1	-1	-1	-1	-1	-1	0	-1			
105	1	5	131	-1	-1	-1	-1	-1	-1	0	-1			
106	1	7	339	-1	-1	-1	-1	-1	-1	0	-1			
107	1	8	339	-1	-1	-1	-1	-1	-1	0	-1			
108	1	9	339	-1	-1	-1	-1	-1	-1	0	-1			
109	1	10	339	-1	-1	-1	-1	-1	-1	0	-1			
110	1	11	339	-1	-1	-1	-1	-1	-1	0	-1			
111	1	2	56	-1	-1	-1	-1	-1	-1	0	-1			
112	1	6	100	-1	-1	-1	-1	-1	-1	0	-1			
113	1	7	393	-1	-1	-1	-1	-1	-1	0	-1			
114	1	8	393	-1	-1	-1	-1	-1	-1	0	-1			
115	1	9	393	-1	-1	-1	-1	-1	-1	0	-1			
116	1	10	393	-1	-1	-1	-1	-1	-1	0	-1			
117	1	11	393	-1	-1	-1	-1	-1	-1	0	-1			
end														
end														
