0																	
12	404	20000	0	1	2	3	4	5	6	7	8	9	10	11	12	13	14
12	405	500000	0	1	2	3	4	5	6	7	8	9	10	11	12	13	14
12	406	50000	0	1	2	3	4	5	6	7	8	9	10	11	12	13	14
end																	
1	
0	10000	0	0	0	0	0	0	0	0	0	0	0	0	0	0	
4	8500	1500	0	0	0	0	0	0	0	0	0	0	0	0	0	
14	0	0	5500	4500	0	0	0	0	0	0	0	0	0	0	0	
22	0	0	0	1000	8500	500	0	0	0	0	0	0	0	0	0	
30	0	0	0	0	0	1000	8500	500	0	0	0	0	0	0	0	
40	0	0	0	0	0	0	0	1000	8500	500	0	0	0	0	0	
60	0	0	0	0	0	0	0	0	1000	8000	1000	0	0	0	0	
end																	
2	
0	10000	0	0	0	0	0	0	0	0	0	0	0	0	0	0	
24	0	9500	500	0	0	0	0	0	0	0	0	0	0	0	0	
54	0	500	9000	500	0	0	0	0	0	0	0	0	0	0	0	
84	0	0	500	9000	500	0	0	0	0	0	0	0	0	0	0	
119	0	0	0	500	9000	500	0	0	0	0	0	0	0	0	0	
150	0	0	0	0	500	9000	500	0	0	0	0	0	0	0	0	
184	0	0	0	0	0	500	9000	500	0	0	0	0	0	0	0	
210	0	0	0	0	0	0	500	9000	500	0	0	0	0	0	0	
238	0	0	0	0	0	0	0	0	9500	500	0	0	0	0	0	
end																	
3	
0	10000	0	0	0	0	0	0	0	0	0	0	0	0	0	0	
24	0	9500	500	0	0	0	0	0	0	0	0	0	0	0	0	
54	0	500	9000	500	0	0	0	0	0	0	0	0	0	0	0	
89	0	0	500	9000	500	0	0	0	0	0	0	0	0	0	0	
115	0	0	0	500	9000	500	0	0	0	0	0	0	0	0	0	
145	0	0	0	0	0	9500	500	0	0	0	0	0	0	0	0	
end																	
