																												
0	
0	360000																											
1	340000																											
2	300000																											
3	0																											
4	0																											
5	0		
end																												
1	
0	1	13	182	23	14	2	1386	
1	1	13	183	23	14	2	1386	
2	1	13	184	23	14	2	1386	
3	1	13	185	23	14	2	1386	
4	1	13	186	23	14	2	1386	
5	1	13	187	23	14	2	1386	
6	1	13	188	23	14	2	1386	
7	1	13	189	23	14	2	1386	
8	1	13	190	23	14	2	1386		
9	1	13	191	23	14	2	1386
10	2	13	192	23	14	2	1386
11	2	13	193	23	14	2	1386
12	2	13	194	23	14	2	1386
13	2	13	195	23	14	2	1386
14	2	21	8	23	14	2	1386
end																												
2	
107	
1	11	1000	1390	100000	
1	12	750	1391	50000	
1	13	999	1392	240000	
1	14	999	1393	200000	
1	15	2000	1394	50000	
1	16	1500	1395	30000	
1	17	1500	1396	120000	
1	18	1500	1397	100000	
1	19	700	1398	40000	
1	20	600	1399	30000	
1	21	500	1400	20000	
1	22	250	1401	20000	
2	11	1000	1390	100000	
2	12	750	1391	50000	
2	13	999	1392	240000	
2	14	999	1393	200000	
2	15	2000	1394	50000	
2	16	1500	1395	30000	
2	17	1500	1396	120000	
2	18	1500	1397	100000	
2	19	700	1398	40000	
2	20	600	1399	30000	
2	21	500	1400	20000	
2	22	250	1401	20000	
																												
end																												
